# Camera list with one line of data per camera:
#   CAMERA_ID, MODEL, WIDTH, HEIGHT, PARAMS[]
1 PINHOLE 4096 3072 2823.598339 2823.598339 2048.000000 1536.000000
2 PINHOLE 4096 3072 2787.236241 2787.236241 2048.000000 1536.000000
3 PINHOLE 4096 3072 2789.693382 2789.693382 2048.000000 1536.000000
4 PINHOLE 4096 3072 2764.867502 2764.867502 2048.000000 1536.000000
5 PINHOLE 4096 3072 2768.517492 2768.517492 2048.000000 1536.000000
6 PINHOLE 4096 3072 2761.227123 2761.227123 2048.000000 1536.000000
7 PINHOLE 4096 3072 2775.177372 2775.177372 2048.000000 1536.000000
8 PINHOLE 4096 3072 2772.321166 2772.321166 2048.000000 1536.000000
9 PINHOLE 4096 3072 2777.684768 2777.684768 2048.000000 1536.000000
10 PINHOLE 4096 3072 2774.928217 2774.928217 2048.000000 1536.000000
11 PINHOLE 4096 3072 2774.010582 2774.010582 2048.000000 1536.000000
12 PINHOLE 4096 3072 2780.980057 2780.980057 2048.000000 1536.000000
13 PINHOLE 4096 3072 2775.846459 2775.846459 2048.000000 1536.000000
14 PINHOLE 4096 3072 2770.648475 2770.648475 2048.000000 1536.000000
15 PINHOLE 4096 3072 2768.823608 2768.823608 2048.000000 1536.000000
16 PINHOLE 4096 3072 2767.604091 2767.604091 2048.000000 1536.000000
17 PINHOLE 4096 3072 2769.659184 2769.659184 2048.000000 1536.000000
18 PINHOLE 4096 3072 2781.771175 2781.771175 2048.000000 1536.000000
19 PINHOLE 4096 3072 2801.817531 2801.817531 2048.000000 1536.000000
20 PINHOLE 4096 3072 2800.119345 2800.119345 2048.000000 1536.000000
21 PINHOLE 4096 3072 2772.405650 2772.405650 2048.000000 1536.000000
22 PINHOLE 4096 3072 2770.346103 2770.346103 2048.000000 1536.000000
23 PINHOLE 4096 3072 2767.604091 2767.604091 2048.000000 1536.000000
24 PINHOLE 4096 3072 2774.010582 2774.010582 2048.000000 1536.000000
25 PINHOLE 4096 3072 2806.761755 2806.761755 2048.000000 1536.000000
26 PINHOLE 4096 3072 2806.493142 2806.493142 2048.000000 1536.000000
27 PINHOLE 4096 3072 2781.368700 2781.368700 2048.000000 1536.000000
28 PINHOLE 4096 3072 2772.177132 2772.177132 2048.000000 1536.000000
29 PINHOLE 4096 3072 2776.370700 2776.370700 2048.000000 1536.000000
30 PINHOLE 4096 3072 2772.389427 2772.389427 2048.000000 1536.000000
31 PINHOLE 4096 3072 2775.313439 2775.313439 2048.000000 1536.000000
32 PINHOLE 4096 3072 2780.505765 2780.505765 2048.000000 1536.000000
33 PINHOLE 4096 3072 2777.684768 2777.684768 2048.000000 1536.000000
34 PINHOLE 4096 3072 2788.765957 2788.765957 2048.000000 1536.000000
35 PINHOLE 4096 3072 2773.375980 2773.375980 2048.000000 1536.000000
36 PINHOLE 4096 3072 2768.651581 2768.651581 2048.000000 1536.000000
37 PINHOLE 4096 3072 2778.754416 2778.754416 2048.000000 1536.000000
38 PINHOLE 4096 3072 2943.371228 2943.371228 2048.000000 1536.000000
39 PINHOLE 4096 3072 2792.869092 2792.869092 2048.000000 1536.000000
40 PINHOLE 4096 3072 2810.578517 2810.578517 2048.000000 1536.000000
41 PINHOLE 4096 3072 2782.291211 2782.291211 2048.000000 1536.000000
42 PINHOLE 4096 3072 2791.990466 2791.990466 2048.000000 1536.000000
43 PINHOLE 4096 3072 2779.525514 2779.525514 2048.000000 1536.000000
44 PINHOLE 4096 3072 2780.446801 2780.446801 2048.000000 1536.000000
45 PINHOLE 4096 3072 2783.214333 2783.214333 2048.000000 1536.000000
46 PINHOLE 4096 3072 2785.062417 2785.062417 2048.000000 1536.000000
47 PINHOLE 4096 3072 2785.987380 2785.987380 2048.000000 1536.000000
48 PINHOLE 4096 3072 2899.622537 2899.622537 2048.000000 1536.000000
49 PINHOLE 4096 3072 2796.283382 2796.283382 2048.000000 1536.000000
50 PINHOLE 4096 3072 2776.841451 2776.841451 2048.000000 1536.000000
51 PINHOLE 4096 3072 2770.348522 2770.348522 2048.000000 1536.000000
52 PINHOLE 4096 3072 2770.654636 2770.654636 2048.000000 1536.000000
53 PINHOLE 4096 3072 2779.525514 2779.525514 2048.000000 1536.000000
54 PINHOLE 4096 3072 2780.446801 2780.446801 2048.000000 1536.000000
55 PINHOLE 4096 3072 2780.596836 2780.596836 2048.000000 1536.000000
56 PINHOLE 4096 3072 2779.681310 2779.681310 2048.000000 1536.000000
57 PINHOLE 4096 3072 2793.726388 2793.726388 2048.000000 1536.000000
58 PINHOLE 4096 3072 2783.214333 2783.214333 2048.000000 1536.000000
59 PINHOLE 4096 3072 2770.346103 2770.346103 2048.000000 1536.000000
60 PINHOLE 4096 3072 2773.396935 2773.396935 2048.000000 1536.000000
61 PINHOLE 4096 3072 2771.017037 2771.017037 2048.000000 1536.000000
62 PINHOLE 4096 3072 2772.282759 2772.282759 2048.000000 1536.000000
63 PINHOLE 4096 3072 2778.291755 2778.291755 2048.000000 1536.000000
64 PINHOLE 4096 3072 2768.130410 2768.130410 2048.000000 1536.000000
65 PINHOLE 4096 3072 2769.431496 2769.431496 2048.000000 1536.000000
66 PINHOLE 4096 3072 2813.423208 2813.423208 2048.000000 1536.000000
67 PINHOLE 4096 3072 2790.621424 2790.621424 2048.000000 1536.000000
68 PINHOLE 4096 3072 2801.806279 2801.806279 2048.000000 1536.000000
69 PINHOLE 4096 3072 2777.073352 2777.073352 2048.000000 1536.000000
70 PINHOLE 4096 3072 2795.270910 2795.270910 2048.000000 1536.000000
71 PINHOLE 4096 3072 2799.935915 2799.935915 2048.000000 1536.000000
72 PINHOLE 4096 3072 2779.525514 2779.525514 2048.000000 1536.000000
73 PINHOLE 4096 3072 2779.758763 2779.758763 2048.000000 1536.000000
74 PINHOLE 4096 3072 2778.604836 2778.604836 2048.000000 1536.000000
75 PINHOLE 4096 3072 2778.604836 2778.604836 2048.000000 1536.000000
76 PINHOLE 4096 3072 2773.093554 2773.093554 2048.000000 1536.000000
77 PINHOLE 4096 3072 2769.615831 2769.615831 2048.000000 1536.000000
78 PINHOLE 4096 3072 2773.093554 2773.093554 2048.000000 1536.000000
79 PINHOLE 4096 3072 2781.368700 2781.368700 2048.000000 1536.000000
80 PINHOLE 4096 3072 2774.928217 2774.928217 2048.000000 1536.000000
81 PINHOLE 4096 3072 2775.846459 2775.846459 2048.000000 1536.000000
82 PINHOLE 4096 3072 2770.346103 2770.346103 2048.000000 1536.000000
83 PINHOLE 4096 3072 2778.836092 2778.836092 2048.000000 1536.000000
84 PINHOLE 4096 3072 2788.126329 2788.126329 2048.000000 1536.000000
85 PINHOLE 4096 3072 2798.068045 2798.068045 2048.000000 1536.000000
86 PINHOLE 4096 3072 2785.832612 2785.832612 2048.000000 1536.000000
87 PINHOLE 4096 3072 2767.752406 2767.752406 2048.000000 1536.000000
88 PINHOLE 4096 3072 2780.519698 2780.519698 2048.000000 1536.000000
89 PINHOLE 4096 3072 2774.928217 2774.928217 2048.000000 1536.000000
90 PINHOLE 4096 3072 2781.368700 2781.368700 2048.000000 1536.000000
91 PINHOLE 4096 3072 2784.138068 2784.138068 2048.000000 1536.000000
92 PINHOLE 4096 3072 2784.523446 2784.523446 2048.000000 1536.000000
93 PINHOLE 4096 3072 2787.839149 2787.839149 2048.000000 1536.000000
94 PINHOLE 4096 3072 2786.912957 2786.912957 2048.000000 1536.000000
95 PINHOLE 4096 3072 2785.062417 2785.062417 2048.000000 1536.000000
96 PINHOLE 4096 3072 2790.150556 2790.150556 2048.000000 1536.000000
97 PINHOLE 4096 3072 2780.678211 2780.678211 2048.000000 1536.000000
98 PINHOLE 4096 3072 2778.604836 2778.604836 2048.000000 1536.000000
99 PINHOLE 4096 3072 2783.214333 2783.214333 2048.000000 1536.000000
100 PINHOLE 4096 3072 2775.846459 2775.846459 2048.000000 1536.000000
101 PINHOLE 4096 3072 3104.811759 3104.811759 2048.000000 1536.000000
102 PINHOLE 4096 3072 2786.912957 2786.912957 2048.000000 1536.000000
103 PINHOLE 4096 3072 2786.912957 2786.912957 2048.000000 1536.000000
104 PINHOLE 4096 3072 2788.069636 2788.069636 2048.000000 1536.000000
105 PINHOLE 4096 3072 2777.760401 2777.760401 2048.000000 1536.000000
106 PINHOLE 4096 3072 2777.684768 2777.684768 2048.000000 1536.000000
107 PINHOLE 4096 3072 2782.291211 2782.291211 2048.000000 1536.000000
108 PINHOLE 4096 3072 2784.138068 2784.138068 2048.000000 1536.000000
109 PINHOLE 4096 3072 2782.368879 2782.368879 2048.000000 1536.000000
110 PINHOLE 4096 3072 2779.525514 2779.525514 2048.000000 1536.000000
111 PINHOLE 4096 3072 2789.770335 2789.770335 2048.000000 1536.000000
112 PINHOLE 4096 3072 2791.550083 2791.550083 2048.000000 1536.000000
113 PINHOLE 4096 3072 2787.066457 2787.066457 2048.000000 1536.000000
114 PINHOLE 4096 3072 2777.684768 2777.684768 2048.000000 1536.000000
115 PINHOLE 4096 3072 2777.684768 2777.684768 2048.000000 1536.000000
116 PINHOLE 4096 3072 2775.004283 2775.004283 2048.000000 1536.000000
117 PINHOLE 4096 3072 2782.291211 2782.291211 2048.000000 1536.000000
118 PINHOLE 4096 3072 2781.517758 2781.517758 2048.000000 1536.000000
119 PINHOLE 4096 3072 2785.987380 2785.987380 2048.000000 1536.000000
120 PINHOLE 4096 3072 2787.450900 2787.450900 2048.000000 1536.000000
121 PINHOLE 4096 3072 2791.550083 2791.550083 2048.000000 1536.000000
122 PINHOLE 4096 3072 2779.756313 2779.756313 2048.000000 1536.000000
123 PINHOLE 4096 3072 2779.757913 2779.757913 2048.000000 1536.000000
124 PINHOLE 4096 3072 2776.076115 2776.076115 2048.000000 1536.000000
125 PINHOLE 4096 3072 2774.928217 2774.928217 2048.000000 1536.000000
126 PINHOLE 4096 3072 2789.885223 2789.885223 2048.000000 1536.000000
127 PINHOLE 4096 3072 2780.059413 2780.059413 2048.000000 1536.000000
128 PINHOLE 4096 3072 2783.214333 2783.214333 2048.000000 1536.000000
129 PINHOLE 4096 3072 2780.600460 2780.600460 2048.000000 1536.000000
130 PINHOLE 4096 3072 2774.928217 2774.928217 2048.000000 1536.000000
131 PINHOLE 4096 3072 2791.015634 2791.015634 2048.000000 1536.000000
132 PINHOLE 4096 3072 2784.138988 2784.138988 2048.000000 1536.000000
133 PINHOLE 4096 3072 2773.316861 2773.316861 2048.000000 1536.000000
134 PINHOLE 4096 3072 2861.053206 2861.053206 2048.000000 1536.000000
135 PINHOLE 4096 3072 2760.318526 2760.318526 2048.000000 1536.000000
136 PINHOLE 4096 3072 2988.738420 2988.738420 2048.000000 1536.000000
137 PINHOLE 4096 3072 2762.136917 2762.136917 2048.000000 1536.000000
138 PINHOLE 4096 3072 2757.748551 2757.748551 2048.000000 1536.000000
139 PINHOLE 4096 3072 2799.001668 2799.001668 2048.000000 1536.000000
140 PINHOLE 4096 3072 2776.765310 2776.765310 2048.000000 1536.000000
141 PINHOLE 4096 3072 2765.779097 2765.779097 2048.000000 1536.000000
142 PINHOLE 4096 3072 2762.136319 2762.136319 2048.000000 1536.000000
143 PINHOLE 4096 3072 2769.585757 2769.585757 2048.000000 1536.000000
144 PINHOLE 4096 3072 2800.139663 2800.139663 2048.000000 1536.000000
145 PINHOLE 4096 3072 2814.969128 2814.969128 2048.000000 1536.000000
146 PINHOLE 4096 3072 2768.562752 2768.562752 2048.000000 1536.000000
147 PINHOLE 4096 3072 2782.291211 2782.291211 2048.000000 1536.000000
148 PINHOLE 4096 3072 2762.433703 2762.433703 2048.000000 1536.000000
149 PINHOLE 4096 3072 2949.580872 2949.580872 2048.000000 1536.000000
150 PINHOLE 4096 3072 2791.713936 2791.713936 2048.000000 1536.000000
151 PINHOLE 4096 3072 2835.135843 2835.135843 2048.000000 1536.000000
152 PINHOLE 4096 3072 2794.339773 2794.339773 2048.000000 1536.000000
153 PINHOLE 4096 3072 2846.490668 2846.490668 2048.000000 1536.000000
154 PINHOLE 4096 3072 2780.446801 2780.446801 2048.000000 1536.000000
155 PINHOLE 4096 3072 2845.885223 2845.885223 2048.000000 1536.000000
156 PINHOLE 4096 3072 2761.227123 2761.227123 2048.000000 1536.000000
157 PINHOLE 4096 3072 2782.291211 2782.291211 2048.000000 1536.000000
158 PINHOLE 4096 3072 2780.071796 2780.071796 2048.000000 1536.000000
159 PINHOLE 4096 3072 2791.939845 2791.939845 2048.000000 1536.000000
160 PINHOLE 4096 3072 2758.786323 2758.786323 2048.000000 1536.000000
161 PINHOLE 4096 3072 2761.725523 2761.725523 2048.000000 1536.000000
162 PINHOLE 4096 3072 2990.669045 2990.669045 2048.000000 1536.000000
163 PINHOLE 4096 3072 2792.534483 2792.534483 2048.000000 1536.000000
164 PINHOLE 4096 3072 2842.807274 2842.807274 2048.000000 1536.000000
165 PINHOLE 4096 3072 2775.846459 2775.846459 2048.000000 1536.000000
166 PINHOLE 4096 3072 2768.517492 2768.517492 2048.000000 1536.000000
167 PINHOLE 4096 3072 2768.534841 2768.534841 2048.000000 1536.000000
168 PINHOLE 4096 3072 2781.368700 2781.368700 2048.000000 1536.000000
169 PINHOLE 4096 3072 2880.703297 2880.703297 2048.000000 1536.000000
170 PINHOLE 4096 3072 2776.765310 2776.765310 2048.000000 1536.000000
171 PINHOLE 4096 3072 2610.495197 2610.495197 2048.000000 1536.000000
172 PINHOLE 4096 3072 2773.093554 2773.093554 2048.000000 1536.000000
173 PINHOLE 4096 3072 2754.879475 2754.879475 2048.000000 1536.000000
174 PINHOLE 4096 3072 2766.705777 2766.705777 2048.000000 1536.000000
175 PINHOLE 4096 3072 2762.668758 2762.668758 2048.000000 1536.000000
176 PINHOLE 4096 3072 2744.963351 2744.963351 2048.000000 1536.000000
177 PINHOLE 4096 3072 2692.980835 2692.980835 2048.000000 1536.000000
178 PINHOLE 4096 3072 2677.500160 2677.500160 2048.000000 1536.000000
179 PINHOLE 4096 3072 2775.846459 2775.846459 2048.000000 1536.000000
180 PINHOLE 4096 3072 2901.628502 2901.628502 2048.000000 1536.000000
181 PINHOLE 4096 3072 2687.794938 2687.794938 2048.000000 1536.000000
182 PINHOLE 4096 3072 2700.775274 2700.775274 2048.000000 1536.000000
183 PINHOLE 4096 3072 2776.088701 2776.088701 2048.000000 1536.000000
184 PINHOLE 4096 3072 2772.610573 2772.610573 2048.000000 1536.000000
185 PINHOLE 4096 3072 2781.368700 2781.368700 2048.000000 1536.000000
186 PINHOLE 4096 3072 2777.993619 2777.993619 2048.000000 1536.000000
187 PINHOLE 4096 3072 2784.138068 2784.138068 2048.000000 1536.000000
188 PINHOLE 4096 3072 2770.502346 2770.502346 2048.000000 1536.000000
189 PINHOLE 4096 3072 2764.867502 2764.867502 2048.000000 1536.000000
190 PINHOLE 4096 3072 2766.778845 2766.778845 2048.000000 1536.000000
191 PINHOLE 4096 3072 2807.432396 2807.432396 2048.000000 1536.000000
192 PINHOLE 4096 3072 2847.542809 2847.542809 2048.000000 1536.000000
193 PINHOLE 4096 3072 2771.261315 2771.261315 2048.000000 1536.000000
194 PINHOLE 4096 3072 2772.359634 2772.359634 2048.000000 1536.000000
195 PINHOLE 4096 3072 2790.621424 2790.621424 2048.000000 1536.000000
196 PINHOLE 4096 3072 2781.985061 2781.985061 2048.000000 1536.000000
197 PINHOLE 4096 3072 2724.912930 2724.912930 2048.000000 1536.000000
198 PINHOLE 4096 3072 2763.956507 2763.956507 2048.000000 1536.000000
199 PINHOLE 4096 3072 2776.765310 2776.765310 2048.000000 1536.000000
200 PINHOLE 4096 3072 2759.410526 2759.410526 2048.000000 1536.000000
201 PINHOLE 4096 3072 2772.867037 2772.867037 2048.000000 1536.000000
202 PINHOLE 4096 3072 2772.177132 2772.177132 2048.000000 1536.000000
203 PINHOLE 4096 3072 2776.450817 2776.450817 2048.000000 1536.000000
204 PINHOLE 4096 3072 2782.376848 2782.376848 2048.000000 1536.000000
205 PINHOLE 4096 3072 2780.848005 2780.848005 2048.000000 1536.000000
206 PINHOLE 4096 3072 2782.458615 2782.458615 2048.000000 1536.000000
207 PINHOLE 4096 3072 2772.177132 2772.177132 2048.000000 1536.000000
208 PINHOLE 4096 3072 2785.848811 2785.848811 2048.000000 1536.000000
209 PINHOLE 4096 3072 2770.649287 2770.649287 2048.000000 1536.000000
210 PINHOLE 4096 3072 2783.222270 2783.222270 2048.000000 1536.000000
211 PINHOLE 4096 3072 2779.654748 2779.654748 2048.000000 1536.000000
212 PINHOLE 4096 3072 2779.999504 2779.999504 2048.000000 1536.000000
213 PINHOLE 4096 3072 2782.291211 2782.291211 2048.000000 1536.000000
214 PINHOLE 4096 3072 2799.152593 2799.152593 2048.000000 1536.000000
215 PINHOLE 4096 3072 2877.738593 2877.738593 2048.000000 1536.000000
216 PINHOLE 4096 3072 2765.840749 2765.840749 2048.000000 1536.000000
217 PINHOLE 4096 3072 2771.643840 2771.643840 2048.000000 1536.000000
218 PINHOLE 4096 3072 2875.922067 2875.922067 2048.000000 1536.000000
219 PINHOLE 4096 3072 2784.138068 2784.138068 2048.000000 1536.000000
220 PINHOLE 4096 3072 2827.464776 2827.464776 2048.000000 1536.000000
221 PINHOLE 4096 3072 2849.496893 2849.496893 2048.000000 1536.000000
222 PINHOLE 4096 3072 2852.355540 2852.355540 2048.000000 1536.000000
223 PINHOLE 4096 3072 2760.023780 2760.023780 2048.000000 1536.000000
224 PINHOLE 4096 3072 2780.139638 2780.139638 2048.000000 1536.000000
225 PINHOLE 4096 3072 2764.332995 2764.332995 2048.000000 1536.000000
226 PINHOLE 4096 3072 2768.517492 2768.517492 2048.000000 1536.000000
227 PINHOLE 4096 3072 2778.604836 2778.604836 2048.000000 1536.000000
228 PINHOLE 4096 3072 2771.261315 2771.261315 2048.000000 1536.000000
229 PINHOLE 4096 3072 2767.147617 2767.147617 2048.000000 1536.000000
230 PINHOLE 4096 3072 2776.153791 2776.153791 2048.000000 1536.000000
231 PINHOLE 4096 3072 2767.120342 2767.120342 2048.000000 1536.000000
232 PINHOLE 4096 3072 2764.511803 2764.511803 2048.000000 1536.000000
233 PINHOLE 4096 3072 3060.418825 3060.418825 2048.000000 1536.000000
234 PINHOLE 4096 3072 2775.846459 2775.846459 2048.000000 1536.000000
235 PINHOLE 4096 3072 2761.227123 2761.227123 2048.000000 1536.000000
236 PINHOLE 4096 3072 2776.765310 2776.765310 2048.000000 1536.000000
237 PINHOLE 4096 3072 2766.691293 2766.691293 2048.000000 1536.000000
238 PINHOLE 4096 3072 2799.935915 2799.935915 2048.000000 1536.000000
239 PINHOLE 4096 3072 2780.794759 2780.794759 2048.000000 1536.000000
240 PINHOLE 4096 3072 2728.002602 2728.002602 2048.000000 1536.000000
241 PINHOLE 4096 3072 2799.001668 2799.001668 2048.000000 1536.000000
242 PINHOLE 4096 3072 2766.691293 2766.691293 2048.000000 1536.000000
243 PINHOLE 4096 3072 2802.022009 2802.022009 2048.000000 1536.000000
244 PINHOLE 4096 3072 2764.098715 2764.098715 2048.000000 1536.000000
245 PINHOLE 4096 3072 2784.138068 2784.138068 2048.000000 1536.000000
246 PINHOLE 4096 3072 2786.370767 2786.370767 2048.000000 1536.000000
247 PINHOLE 4096 3072 2761.227123 2761.227123 2048.000000 1536.000000
248 PINHOLE 4096 3072 2749.689668 2749.689668 2048.000000 1536.000000
249 PINHOLE 4096 3072 2787.839149 2787.839149 2048.000000 1536.000000
250 PINHOLE 4096 3072 2767.061478 2767.061478 2048.000000 1536.000000
251 PINHOLE 4096 3072 2776.765310 2776.765310 2048.000000 1536.000000
252 PINHOLE 4096 3072 2759.410526 2759.410526 2048.000000 1536.000000
253 PINHOLE 4096 3072 2778.680950 2778.680950 2048.000000 1536.000000
254 PINHOLE 4096 3072 2769.750364 2769.750364 2048.000000 1536.000000
255 PINHOLE 4096 3072 2797.359646 2797.359646 2048.000000 1536.000000
256 PINHOLE 4096 3072 2775.941045 2775.941045 2048.000000 1536.000000
257 PINHOLE 4096 3072 2772.177132 2772.177132 2048.000000 1536.000000
258 PINHOLE 4096 3072 2762.370694 2762.370694 2048.000000 1536.000000
259 PINHOLE 4096 3072 2774.928217 2774.928217 2048.000000 1536.000000
260 PINHOLE 4096 3072 2782.817315 2782.817315 2048.000000 1536.000000
261 PINHOLE 4096 3072 2770.346103 2770.346103 2048.000000 1536.000000
262 PINHOLE 4096 3072 2782.291211 2782.291211 2048.000000 1536.000000
263 PINHOLE 4096 3072 2776.471090 2776.471090 2048.000000 1536.000000
264 PINHOLE 4096 3072 2783.303918 2783.303918 2048.000000 1536.000000
265 PINHOLE 4096 3072 2772.177132 2772.177132 2048.000000 1536.000000
266 PINHOLE 4096 3072 2851.335618 2851.335618 2048.000000 1536.000000
267 PINHOLE 4096 3072 2722.870706 2722.870706 2048.000000 1536.000000
268 PINHOLE 4096 3072 2750.363279 2750.363279 2048.000000 1536.000000
269 PINHOLE 4096 3072 2771.494385 2771.494385 2048.000000 1536.000000
270 PINHOLE 4096 3072 2785.685975 2785.685975 2048.000000 1536.000000
271 PINHOLE 4096 3072 2772.177132 2772.177132 2048.000000 1536.000000
272 PINHOLE 4096 3072 2779.525514 2779.525514 2048.000000 1536.000000
273 PINHOLE 4096 3072 2777.684768 2777.684768 2048.000000 1536.000000
274 PINHOLE 4096 3072 2780.446801 2780.446801 2048.000000 1536.000000
275 PINHOLE 4096 3072 2776.303837 2776.303837 2048.000000 1536.000000
276 PINHOLE 4096 3072 2766.000271 2766.000271 2048.000000 1536.000000
277 PINHOLE 4096 3072 2758.719432 2758.719432 2048.000000 1536.000000
278 PINHOLE 4096 3072 2784.138068 2784.138068 2048.000000 1536.000000
279 PINHOLE 4096 3072 2794.613609 2794.613609 2048.000000 1536.000000
280 PINHOLE 4096 3072 2784.138068 2784.138068 2048.000000 1536.000000
281 PINHOLE 4096 3072 2782.580776 2782.580776 2048.000000 1536.000000
282 PINHOLE 4096 3072 2754.264425 2754.264425 2048.000000 1536.000000
283 PINHOLE 4096 3072 2779.525514 2779.525514 2048.000000 1536.000000
284 PINHOLE 4096 3072 2815.278977 2815.278977 2048.000000 1536.000000
285 PINHOLE 4096 3072 2774.102014 2774.102014 2048.000000 1536.000000
286 PINHOLE 4096 3072 2777.087569 2777.087569 2048.000000 1536.000000
287 PINHOLE 4096 3072 2776.847069 2776.847069 2048.000000 1536.000000
288 PINHOLE 4096 3072 2792.943151 2792.943151 2048.000000 1536.000000
289 PINHOLE 4096 3072 2793.942360 2793.942360 2048.000000 1536.000000
290 PINHOLE 4096 3072 2765.779097 2765.779097 2048.000000 1536.000000
291 PINHOLE 4096 3072 2764.867502 2764.867502 2048.000000 1536.000000
292 PINHOLE 4096 3072 2763.046113 2763.046113 2048.000000 1536.000000
293 PINHOLE 4096 3072 2755.784494 2755.784494 2048.000000 1536.000000
294 PINHOLE 4096 3072 2992.735330 2992.735330 2048.000000 1536.000000
295 PINHOLE 4096 3072 2763.046113 2763.046113 2048.000000 1536.000000
296 PINHOLE 4096 3072 2774.010582 2774.010582 2048.000000 1536.000000
297 PINHOLE 4096 3072 2836.864390 2836.864390 2048.000000 1536.000000
298 PINHOLE 4096 3072 2821.597040 2821.597040 2048.000000 1536.000000
299 PINHOLE 4096 3072 2769.431496 2769.431496 2048.000000 1536.000000
300 PINHOLE 4096 3072 2771.696777 2771.696777 2048.000000 1536.000000
301 PINHOLE 4096 3072 2759.410526 2759.410526 2048.000000 1536.000000
302 PINHOLE 4096 3072 2760.318526 2760.318526 2048.000000 1536.000000
303 PINHOLE 4096 3072 2785.371594 2785.371594 2048.000000 1536.000000
304 PINHOLE 4096 3072 2811.884268 2811.884268 2048.000000 1536.000000
305 PINHOLE 4096 3072 2804.827535 2804.827535 2048.000000 1536.000000
306 PINHOLE 4096 3072 2767.604091 2767.604091 2048.000000 1536.000000
307 PINHOLE 4096 3072 2783.368195 2783.368195 2048.000000 1536.000000
308 PINHOLE 4096 3072 2785.434988 2785.434988 2048.000000 1536.000000
309 PINHOLE 4096 3072 2770.508000 2770.508000 2048.000000 1536.000000
310 PINHOLE 4096 3072 2783.214333 2783.214333 2048.000000 1536.000000
311 PINHOLE 4096 3072 2751.379593 2751.379593 2048.000000 1536.000000
312 PINHOLE 4096 3072 2774.213906 2774.213906 2048.000000 1536.000000
313 PINHOLE 4096 3072 2757.596318 2757.596318 2048.000000 1536.000000
314 PINHOLE 4096 3072 2772.793264 2772.793264 2048.000000 1536.000000
315 PINHOLE 4096 3072 2789.693382 2789.693382 2048.000000 1536.000000
316 PINHOLE 4096 3072 2806.527049 2806.527049 2048.000000 1536.000000
317 PINHOLE 4096 3072 2762.411366 2762.411366 2048.000000 1536.000000
318 PINHOLE 4096 3072 2757.965362 2757.965362 2048.000000 1536.000000
319 PINHOLE 4096 3072 2761.532920 2761.532920 2048.000000 1536.000000
320 PINHOLE 4096 3072 2732.734020 2732.734020 2048.000000 1536.000000
321 PINHOLE 4096 3072 2785.062417 2785.062417 2048.000000 1536.000000
322 PINHOLE 4096 3072 2810.595636 2810.595636 2048.000000 1536.000000
323 PINHOLE 4096 3072 2777.813498 2777.813498 2048.000000 1536.000000
324 PINHOLE 4096 3072 2927.960908 2927.960908 2048.000000 1536.000000
325 PINHOLE 4096 3072 2774.084494 2774.084494 2048.000000 1536.000000
326 PINHOLE 4096 3072 2789.693382 2789.693382 2048.000000 1536.000000
327 PINHOLE 4096 3072 2778.604836 2778.604836 2048.000000 1536.000000
328 PINHOLE 4096 3072 2817.805845 2817.805845 2048.000000 1536.000000
329 PINHOLE 4096 3072 2790.621424 2790.621424 2048.000000 1536.000000
330 PINHOLE 4096 3072 2775.852555 2775.852555 2048.000000 1536.000000
331 PINHOLE 4096 3072 2785.987380 2785.987380 2048.000000 1536.000000
332 PINHOLE 4096 3072 2786.912957 2786.912957 2048.000000 1536.000000
333 PINHOLE 4096 3072 2781.368700 2781.368700 2048.000000 1536.000000
334 PINHOLE 4096 3072 2806.728603 2806.728603 2048.000000 1536.000000
335 PINHOLE 4096 3072 2798.141339 2798.141339 2048.000000 1536.000000
336 PINHOLE 4096 3072 2779.525514 2779.525514 2048.000000 1536.000000
337 PINHOLE 4096 3072 2801.970290 2801.970290 2048.000000 1536.000000
338 PINHOLE 4096 3072 2794.339773 2794.339773 2048.000000 1536.000000
339 PINHOLE 4096 3072 2791.786365 2791.786365 2048.000000 1536.000000
340 PINHOLE 4096 3072 2802.742399 2802.742399 2048.000000 1536.000000
341 PINHOLE 4096 3072 2788.478261 2788.478261 2048.000000 1536.000000
342 PINHOLE 4096 3072 2933.079720 2933.079720 2048.000000 1536.000000
343 PINHOLE 4096 3072 2759.410526 2759.410526 2048.000000 1536.000000
344 PINHOLE 4096 3072 2759.779779 2759.779779 2048.000000 1536.000000
345 PINHOLE 4096 3072 2769.431496 2769.431496 2048.000000 1536.000000
346 PINHOLE 4096 3072 2765.877040 2765.877040 2048.000000 1536.000000
347 PINHOLE 4096 3072 2757.141647 2757.141647 2048.000000 1536.000000
348 PINHOLE 4096 3072 2755.539108 2755.539108 2048.000000 1536.000000
349 PINHOLE 4096 3072 2765.779097 2765.779097 2048.000000 1536.000000
350 PINHOLE 4096 3072 2833.228130 2833.228130 2048.000000 1536.000000
351 PINHOLE 4096 3072 2821.597040 2821.597040 2048.000000 1536.000000
352 PINHOLE 4096 3072 2814.024824 2814.024824 2048.000000 1536.000000
353 PINHOLE 4096 3072 2758.503124 2758.503124 2048.000000 1536.000000
354 PINHOLE 4096 3072 2782.291211 2782.291211 2048.000000 1536.000000
355 PINHOLE 4096 3072 2817.805845 2817.805845 2048.000000 1536.000000
356 PINHOLE 4096 3072 2801.806279 2801.806279 2048.000000 1536.000000
357 PINHOLE 4096 3072 2756.084012 2756.084012 2048.000000 1536.000000
358 PINHOLE 4096 3072 2827.940669 2827.940669 2048.000000 1536.000000
359 PINHOLE 4096 3072 2771.323952 2771.323952 2048.000000 1536.000000
360 PINHOLE 4096 3072 2819.087770 2819.087770 2048.000000 1536.000000
361 PINHOLE 4096 3072 2766.155305 2766.155305 2048.000000 1536.000000
362 PINHOLE 4096 3072 2762.515627 2762.515627 2048.000000 1536.000000
363 PINHOLE 4096 3072 2766.691293 2766.691293 2048.000000 1536.000000
364 PINHOLE 4096 3072 2764.105440 2764.105440 2048.000000 1536.000000
365 PINHOLE 4096 3072 2768.593108 2768.593108 2048.000000 1536.000000
366 PINHOLE 4096 3072 2871.827456 2871.827456 2048.000000 1536.000000
367 PINHOLE 4096 3072 2763.956507 2763.956507 2048.000000 1536.000000
368 PINHOLE 4096 3072 2791.918548 2791.918548 2048.000000 1536.000000
369 PINHOLE 4096 3072 2757.798812 2757.798812 2048.000000 1536.000000
370 PINHOLE 4096 3072 2774.997376 2774.997376 2048.000000 1536.000000
371 PINHOLE 4096 3072 2773.093554 2773.093554 2048.000000 1536.000000
372 PINHOLE 4096 3072 2774.010582 2774.010582 2048.000000 1536.000000
373 PINHOLE 4096 3072 2773.093554 2773.093554 2048.000000 1536.000000
374 PINHOLE 4096 3072 2762.363711 2762.363711 2048.000000 1536.000000
375 PINHOLE 4096 3072 2795.270910 2795.270910 2048.000000 1536.000000
376 PINHOLE 4096 3072 2769.820160 2769.820160 2048.000000 1536.000000
377 PINHOLE 4096 3072 2835.094024 2835.094024 2048.000000 1536.000000
378 PINHOLE 4096 3072 2759.410526 2759.410526 2048.000000 1536.000000
379 PINHOLE 4096 3072 2865.322091 2865.322091 2048.000000 1536.000000
380 PINHOLE 4096 3072 3207.880688 3207.880688 2048.000000 1536.000000
381 PINHOLE 4096 3072 2763.046113 2763.046113 2048.000000 1536.000000
382 PINHOLE 4096 3072 2830.164642 2830.164642 2048.000000 1536.000000
383 PINHOLE 4096 3072 3023.723000 3023.723000 2048.000000 1536.000000
384 PINHOLE 4096 3072 2847.456891 2847.456891 2048.000000 1536.000000
