# Image list with two lines of data per image:
#   IMAGE_ID, QW, QX, QY, QZ, TX, TY, TZ, CAMERA_ID, NAME
#   POINTS2D[] as (X, Y, POINT3D_ID)
1 0.015142990 0.712208539 0.701724140 -0.010626295 2.356566177 -20.845462726 15.116244361 1 DJI_20260816173126_0001_D.JPG

2 0.015705919 0.714846692 0.699027452 -0.010399618 2.236635267 -18.361087403 14.961646371 2 DJI_20260816173129_0002_D.JPG

3 0.502270912 0.501310582 -0.496308273 0.500089721 0.483669046 2.661101481 21.846114456 3 DJI_20260816173132_0003_D.JPG

4 0.499617152 0.498205293 -0.499267712 0.502897544 2.657265358 2.671860449 21.871426100 4 DJI_20260816173135_0004_D.JPG

5 0.499004759 0.498778126 -0.499125643 0.503078745 4.007451483 2.661163007 21.854735584 5 DJI_20260816173138_0005_D.JPG

6 0.005145354 0.716819215 0.697240068 0.000163532 -9.200997450 14.195266338 15.339464594 6 DJI_20260816173141_0006_D.JPG

7 0.005166751 0.716908055 0.697148532 0.000263999 -9.017504172 11.158820656 15.410894172 7 DJI_20260816173144_0007_D.JPG

8 0.005318651 0.716714539 0.697346180 0.000534496 -9.231311780 17.098626960 15.408771924 8 DJI_20260816173147_0008_D.JPG

9 0.003571064 0.718116560 0.695913546 -0.000437429 -10.375524243 2.053750478 15.445318971 9 DJI_20260816173150_0009_D.JPG

10 0.003595097 0.718437607 0.695582089 -0.000194600 -10.224396313 -0.396490187 15.449011336 10 DJI_20260816173153_0010_D.JPG

11 0.004055215 0.717943921 0.696089126 -0.000100201 -10.314296340 2.927415384 15.383274077 11 DJI_20260816173156_0011_D.JPG

12 0.005564317 0.717434153 0.696603525 0.000896375 -8.962777626 8.600270155 15.331082433 12 DJI_20260816173159_0012_D.JPG

13 0.003984768 0.718020308 0.696010591 -0.000465277 -10.213795589 3.443385512 15.385712910 13 DJI_20260816173202_0013_D.JPG

14 0.499237637 0.499170756 -0.498615687 0.502963950 5.069146501 2.664541317 21.744586402 14 DJI_20260816173217_0014_D.JPG

15 0.499706023 0.499453288 -0.497880190 0.502946936 6.495364478 2.684502479 21.647318886 15 DJI_20260816173220_0015_D.JPG

16 0.013923383 0.714637600 0.699287621 -0.009801225 2.276993366 -8.110842203 14.640702289 16 DJI_20260816173223_0016_D.JPG

17 0.014159306 0.714837460 0.699076536 -0.009945708 2.304561808 -9.493981745 14.661828655 17 DJI_20260816173226_0017_D.JPG

18 0.015233140 0.715330093 0.698547355 -0.010119366 2.282819471 -15.459613071 14.851040947 18 DJI_20260816173229_0018_D.JPG

19 0.014878391 0.715027559 0.698873325 -0.009502555 2.328770302 -13.041161795 14.781061172 19 DJI_20260816173232_0019_D.JPG

20 0.014490595 0.714980945 0.698927652 -0.009612960 2.302649855 -11.126339489 14.742174420 20 DJI_20260816173235_0020_D.JPG

21 0.013653989 0.714090188 0.699850414 -0.009908091 2.316164522 -5.121714356 14.515734415 21 DJI_20260816173238_0021_D.JPG

22 0.013770812 0.713646836 0.700298855 -0.010003658 2.291694930 -4.102497126 14.511592074 22 DJI_20260816173241_0022_D.JPG

23 0.013850979 0.713240874 0.700705553 -0.010360198 2.140931708 -2.953125847 14.454970883 23 DJI_20260816173244_0023_D.JPG

24 0.014078239 0.714436803 0.699487842 -0.009930575 2.254537865 -6.851341919 14.603844652 24 DJI_20260816173247_0024_D.JPG

25 0.013488035 0.715708655 0.698205960 -0.009361165 11.891580017 20.147539708 13.689821583 25 DJI_20260816173250_0025_D.JPG

26 -0.011831427 -0.695917257 0.717894420 -0.013667148 -7.131022941 -19.919724542 14.998521395 26 DJI_20260816173253_0026_D.JPG

27 -0.012140515 -0.694974341 0.718811771 -0.013149555 -6.984169623 -17.708949646 14.852049032 27 DJI_20260816173256_0027_D.JPG

28 -0.011776270 -0.695124272 0.718678844 -0.012817332 -6.744837462 -10.444648356 14.580340954 28 DJI_20260816173259_0028_D.JPG

29 -0.011718805 -0.695121768 0.718683032 -0.012770923 -6.806978284 -13.097396755 14.650327157 29 DJI_20260816173302_0029_D.JPG

30 -0.011836298 -0.695063456 0.718737218 -0.012786894 -6.662339332 -7.745300794 14.527857441 30 DJI_20260816173310_0030_D.JPG

31 -0.011765686 -0.691998988 0.721686638 -0.012937011 -6.733737884 -5.582643086 14.444054145 31 DJI_20260816173313_0031_D.JPG

32 -0.011534643 -0.691509737 0.722170131 -0.012310032 -6.886278124 -3.587207376 14.405194169 32 DJI_20260816173316_0032_D.JPG

33 -0.011341546 -0.691486940 0.722202636 -0.011854639 -6.956431154 -0.745222579 14.305719528 33 DJI_20260816173319_0033_D.JPG

34 -0.011601233 -0.691448819 0.722232517 -0.012005541 -6.790498004 1.513039826 14.236822146 34 DJI_20260816173322_0034_D.JPG

35 -0.012096103 -0.693213343 0.720533707 -0.011837292 -6.841191646 3.853467719 14.152485925 35 DJI_20260816173325_0035_D.JPG

36 -0.012219752 -0.693023418 0.720714237 -0.011840995 -6.683325077 6.475815994 14.075455751 36 DJI_20260816173328_0036_D.JPG

37 -0.011847429 -0.692951107 0.720790386 -0.011816147 -6.534446175 9.895785765 13.979348091 37 DJI_20260816173331_0037_D.JPG

38 -0.010871929 -0.692602522 0.721147276 -0.011408488 -6.256061944 18.408670592 13.647233166 38 DJI_20260816173334_0038_D.JPG

39 -0.011589319 -0.692709871 0.721025764 -0.011856216 -6.334991114 14.774080748 13.841599545 39 DJI_20260816173337_0039_D.JPG

40 -0.011655950 -0.692745417 0.720985965 -0.012131118 -6.503760907 12.525675765 13.920213365 40 DJI_20260816173340_0040_D.JPG

41 0.014416140 0.715906760 0.697990071 -0.008918882 11.218915991 9.150891754 13.989827903 41 DJI_20260816173343_0041_D.JPG

42 0.015780857 0.716201744 0.697639606 -0.010247249 11.082875989 0.228466773 14.280211892 42 DJI_20260816173346_0042_D.JPG

43 0.015599653 0.716023620 0.697829937 -0.010010258 11.201225339 2.944174489 14.202521203 43 DJI_20260816173349_0043_D.JPG

44 0.014756825 0.715911511 0.697974652 -0.009183187 11.226659808 5.982822565 14.101070641 44 DJI_20260816173352_0044_D.JPG

45 0.014103737 0.715880070 0.698022838 -0.008995947 11.303927968 11.581727283 13.924050626 45 DJI_20260816173355_0045_D.JPG

46 0.013849645 0.715818617 0.698091106 -0.008983406 11.456600472 14.878521500 13.828824880 46 DJI_20260816173358_0046_D.JPG

47 0.013415680 0.715783636 0.698132313 -0.009223921 11.750782616 18.219442207 13.797341918 47 DJI_20260816173401_0047_D.JPG

48 -0.010372587 -0.692583371 0.721178104 -0.011082685 -6.124153133 21.864096636 13.632913995 48 DJI_20260816173404_0048_D.JPG

49 0.014215958 0.717858555 0.695971844 -0.010009692 2.035434011 3.651964627 14.285651414 49 DJI_20260816173407_0049_D.JPG

50 0.013399856 0.714309626 0.699624477 -0.010382319 2.019386088 1.912233865 14.322276010 50 DJI_20260816173410_0050_D.JPG

51 0.013614282 0.712613334 0.701346289 -0.010500911 2.076034198 0.415582920 14.395796431 51 DJI_20260816173413_0051_D.JPG

52 0.013535932 0.712926436 0.701033867 -0.010207434 2.183408333 -0.985139815 14.404095711 52 DJI_20260816173416_0052_D.JPG

53 -0.010589512 -0.694845038 0.718946651 -0.013926535 1.423734609 1.796323440 14.625247092 53 DJI_20260816173431_0053_D.JPG

54 -0.010203293 -0.694616108 0.719169915 -0.014106326 1.786303570 3.821778949 14.566275359 54 DJI_20260816173434_0054_D.JPG

55 -0.010553233 -0.694954514 0.718835881 -0.014206663 1.329083815 -0.486955784 14.685805619 55 DJI_20260816173437_0055_D.JPG

56 -0.010422868 -0.695098156 0.718710880 -0.013586302 1.229680070 -1.983576433 14.745079441 56 DJI_20260816173440_0056_D.JPG

57 -0.010775352 -0.695088551 0.718698780 -0.014417451 1.153315230 -3.507522585 14.781164435 57 DJI_20260816173443_0057_D.JPG

58 -0.011566362 -0.695115303 0.718664766 -0.014208751 1.125680601 -5.974224094 14.867069869 58 DJI_20260816173446_0058_D.JPG

59 -0.011994123 -0.695436485 0.718351067 -0.013999323 1.082702252 -7.581988939 14.931891755 59 DJI_20260816173449_0059_D.JPG

60 -0.011832795 -0.695858310 0.717934307 -0.014544024 0.980826446 -9.306807934 14.982474443 60 DJI_20260816173452_0060_D.JPG

61 -0.011784321 -0.696162549 0.717644423 -0.014328892 0.884722261 -10.827498435 15.028333772 61 DJI_20260816173455_0061_D.JPG

62 -0.012149612 -0.695164637 0.718602395 -0.014460690 0.808914461 -12.514973611 15.057524719 62 DJI_20260816173458_0062_D.JPG

63 -0.011935678 -0.695564947 0.718217103 -0.014530561 0.787077639 -14.613502821 15.122440705 63 DJI_20260816173501_0063_D.JPG

64 -0.011852924 -0.697230120 0.716607191 -0.014275897 0.727558499 -16.634160538 15.198716144 64 DJI_20260816173504_0064_D.JPG

65 -0.011513386 -0.689746486 0.723819444 -0.014235160 0.127300127 -19.077831399 15.259832251 65 DJI_20260816173507_0065_D.JPG

66 -0.011432820 -0.691165565 0.722462222 -0.014414908 0.091559814 -20.982288444 15.330970064 66 DJI_20260816173510_0066_D.JPG

67 0.012693667 0.715201456 0.698742171 -0.009226440 2.237772559 22.387709481 13.779490646 67 DJI_20260816173513_0067_D.JPG

68 0.012405002 0.715973112 0.697968493 -0.008282587 1.926033244 20.501435488 13.582858249 68 DJI_20260816173516_0068_D.JPG

69 0.012789960 0.716297689 0.697615148 -0.009335061 2.174710457 18.378040288 13.916474832 69 DJI_20260816173519_0069_D.JPG

70 0.013056538 0.715554839 0.698371143 -0.009409886 2.133812117 15.665052918 14.036486425 70 DJI_20260816173522_0070_D.JPG

71 0.012672238 0.715909687 0.698011031 -0.009661059 2.074875168 11.326466128 14.110040371 71 DJI_20260816173525_0071_D.JPG

72 0.012996563 0.716409688 0.697486801 -0.010020531 1.990568667 9.125665117 14.124037822 72 DJI_20260816173528_0072_D.JPG

73 0.013019858 0.716965510 0.696910625 -0.010320893 2.092834067 7.453649731 14.205330015 73 DJI_20260816173531_0073_D.JPG

74 0.013416559 0.717379126 0.696474959 -0.010479326 2.015173563 5.501462212 14.252428012 74 DJI_20260816173534_0074_D.JPG

75 0.013955659 0.720224306 0.693520725 -0.010544791 -5.723473890 -19.348528494 15.577282436 75 DJI_20260816173545_0075_D.JPG

76 0.013269523 0.719185657 0.694615178 -0.010279363 -5.892053432 -13.468410771 15.341005752 76 DJI_20260816173548_0076_D.JPG

77 -0.008886568 -0.693543524 0.720246102 -0.012804740 2.946160364 20.220955457 14.284508490 77 DJI_20260816173551_0077_D.JPG

78 -0.009670621 -0.693516408 0.720246593 -0.013649802 2.522568915 14.207307846 14.433997277 78 DJI_20260816173554_0078_D.JPG

79 -0.009756794 -0.693711557 0.720050545 -0.014010443 2.400538902 11.905953228 14.469396049 79 DJI_20260816173557_0079_D.JPG

80 -0.009276285 -0.693271918 0.720495493 -0.013200082 2.589610534 17.405679560 14.325705101 80 DJI_20260816173600_0080_D.JPG

81 0.013574627 0.719264752 0.694524765 -0.010454523 -5.673615220 -17.298962301 15.526045392 81 DJI_20260816173603_0081_D.JPG

82 0.013451651 0.719271232 0.694515426 -0.010782914 -5.776865653 -16.009899894 15.449272742 82 DJI_20260816173606_0082_D.JPG

83 0.013764262 0.722337547 0.691343358 -0.009130988 -5.680837998 10.218077875 14.640997488 83 DJI_20260816173609_0083_D.JPG

84 -0.012365118 -0.703194863 0.710770998 -0.012987565 8.702113817 -20.202863786 15.731188138 84 DJI_20260816173612_0084_D.JPG

85 0.014417589 0.722815808 0.690849685 -0.007493595 -5.837179125 21.580638610 14.390708888 85 DJI_20260816173615_0085_D.JPG

86 0.013997572 0.722629926 0.691052905 -0.007479373 -5.719397604 20.285205643 14.411917269 86 DJI_20260816173618_0086_D.JPG

87 0.013637700 0.722514855 0.691177712 -0.007724518 -5.634918272 17.313937197 14.473368513 87 DJI_20260816173621_0087_D.JPG

88 0.013792510 0.722436917 0.691246466 -0.008543445 -5.677839910 13.150133385 14.539898912 88 DJI_20260816173624_0088_D.JPG

89 -0.009413897 -0.700902248 0.713029099 -0.015392238 7.725419180 -7.047816754 15.749202056 89 DJI_20260816173627_0089_D.JPG

90 0.003823799 0.718620025 0.695392433 0.000037993 -11.421576172 -0.643955420 15.422683641 90 DJI_20260816173630_0090_D.JPG

91 0.004034890 0.718655875 0.695354193 0.000008448 -11.410353800 -4.148272958 15.422467303 91 DJI_20260816173633_0091_D.JPG

92 0.003890011 0.718827296 0.695177779 -0.000204203 -11.503752505 -6.358953860 15.468002663 92 DJI_20260816173636_0092_D.JPG

93 0.004364253 0.719215250 0.694773420 -0.000521413 -11.439297778 -9.917664150 15.419021929 93 DJI_20260816173644_0093_D.JPG

94 -0.000197922 -0.697551261 0.716522101 -0.004275261 7.849474712 -4.533239468 15.532064959 94 DJI_20260816173647_0094_D.JPG

95 0.000305387 -0.698061738 0.716027116 -0.003858070 8.025984114 -2.431276339 15.494593114 95 DJI_20260816173650_0095_D.JPG

96 0.000085522 -0.698583279 0.715517623 -0.003990789 8.027597621 -0.760932171 15.475296417 96 DJI_20260816173653_0096_D.JPG

97 0.000349844 -0.699156812 0.714957050 -0.004005649 8.136202453 2.108467085 15.450678512 97 DJI_20260816173656_0097_D.JPG

98 -0.000111095 -0.699462218 0.714656351 -0.004346634 8.326735327 6.551507663 15.419370975 98 DJI_20260816173659_0098_D.JPG

99 0.001510986 -0.699855968 0.714277314 -0.002694504 8.529068445 18.221646765 15.401226523 99 DJI_20260816173702_0099_D.JPG

100 0.004154864 0.719455448 0.694525435 -0.001007617 -11.473550545 -13.472948111 15.482932516 100 DJI_20260816173705_0100_D.JPG

101 0.002909104 0.719711037 0.694265359 -0.001780903 -11.840330553 -18.676442965 16.433258222 101 DJI_20260816173708_0101_D.JPG

102 0.003907058 0.721101081 0.692816819 -0.001679791 -11.487121933 -20.345620915 15.500728020 102 DJI_20260816173711_0102_D.JPG

103 0.002020987 -0.699995967 0.714139261 -0.002584274 8.912075582 20.666311821 15.467611569 103 DJI_20260816173714_0103_D.JPG

104 -0.009754367 -0.693982047 0.719792559 -0.013872367 2.228600381 10.195885051 14.534512206 104 DJI_20260816173717_0104_D.JPG

105 0.001287386 -0.699868786 0.714264568 -0.002855095 8.616011562 15.637835610 15.432815524 105 DJI_20260816173726_0105_D.JPG

106 0.000920701 -0.699787271 0.714342639 -0.003394381 8.563041054 13.511863034 15.412008608 106 DJI_20260816173729_0106_D.JPG

107 0.000052439 -0.699539836 0.714582049 -0.004063241 8.431071869 8.858315579 15.377443818 107 DJI_20260816173732_0107_D.JPG

108 0.000397197 -0.699469523 0.714650388 -0.004129325 8.533192497 11.168109517 15.308071910 108 DJI_20260816173735_0108_D.JPG

109 0.014003109 0.722194206 0.691483427 -0.009492702 -5.578758904 7.735168817 14.683469921 109 DJI_20260816173738_0109_D.JPG

110 0.014039084 0.722174487 0.691499381 -0.009773502 -5.672418917 5.543367027 14.780263461 110 DJI_20260816173741_0110_D.JPG

111 0.013823098 0.722075522 0.691606256 -0.009831019 -5.650806777 3.670180027 14.838264276 111 DJI_20260816173744_0111_D.JPG

112 0.014065402 0.719103268 0.694694885 -0.009574516 -5.834304280 -0.545477945 15.028786912 112 DJI_20260816173747_0112_D.JPG

113 0.013006149 0.719052180 0.694768462 -0.009570117 -5.894098033 -5.829763059 15.170396248 113 DJI_20260816173750_0113_D.JPG

114 0.013486617 0.719134874 0.694661227 -0.010436678 -5.908464474 -11.207944911 15.354001403 114 DJI_20260816173753_0114_D.JPG

115 0.012908441 0.719148585 0.694666264 -0.009872471 -5.892227778 -8.715002567 15.229236619 115 DJI_20260816173756_0115_D.JPG

116 0.013089123 0.719112482 0.694697829 -0.010041936 -5.951126817 -3.454805807 15.104174019 116 DJI_20260816173759_0116_D.JPG

117 0.014002843 0.719896118 0.693867444 -0.010073245 -5.754165227 1.915542798 14.907854358 117 DJI_20260816173802_0117_D.JPG

118 -0.009994383 -0.694464629 0.719322075 -0.013955073 1.829029596 5.542525227 14.499620320 118 DJI_20260816173814_0118_D.JPG

119 -0.010137779 -0.694318487 0.719463149 -0.013850678 1.943628691 7.230177184 14.457518376 119 DJI_20260816173817_0119_D.JPG

120 -0.009883415 -0.694154674 0.719616470 -0.014273883 2.058796345 8.322631790 14.616408826 120 DJI_20260816173820_0120_D.JPG

121 -0.010093585 -0.701062904 0.712874189 -0.014809319 7.788677939 -8.021894022 15.734907910 121 DJI_20260816173823_0121_D.JPG

122 -0.009649576 -0.701195132 0.712752726 -0.014690953 8.116622483 -8.560673706 15.766600482 122 DJI_20260816173826_0122_D.JPG

123 -0.009743528 -0.701345372 0.712620833 -0.013830456 7.994018220 -10.620287758 15.852022888 123 DJI_20260816173829_0123_D.JPG

124 -0.010087607 -0.701480024 0.712482749 -0.013868955 8.034974789 -12.553935568 15.838967669 124 DJI_20260816173832_0124_D.JPG

125 -0.010432620 -0.701542439 0.712413787 -0.013998655 8.147618776 -14.178156661 15.902383483 125 DJI_20260816173835_0125_D.JPG

126 -0.011579449 -0.702587078 0.711375750 -0.013485404 8.578395090 -16.162584098 15.664384819 126 DJI_20260816173842_0126_D.JPG

127 -0.011370762 -0.702352683 0.711606895 -0.013676336 8.597496120 -15.747588034 15.659076961 127 DJI_20260816173845_0127_D.JPG

128 -0.010650694 -0.702146883 0.711820741 -0.013694848 8.551581228 -15.121889777 15.875613248 128 DJI_20260816173848_0128_D.JPG

129 -0.000231759 -0.699455302 0.714662181 -0.004493731 8.245916824 4.205738659 15.465768225 129 DJI_20260816173912_0135_D.JPG

130 -0.009426812 -0.700429050 0.713498169 -0.015186958 7.881280994 -6.610189384 15.691887559 130 DJI_20260816173915_0136_D.JPG

131 -0.182625128 -0.675082990 0.688625406 -0.191588280 7.875607868 1.814099347 16.955042806 131 DJI_20260816173918_0137_D.JPG

132 0.000138363 -0.698093665 0.715995474 -0.003961929 7.873548449 -6.360127793 15.540287779 132 DJI_20260816173921_0138_D.JPG

133 0.025043572 0.020738777 0.706923966 -0.706541739 12.173774233 2.639325525 12.000770354 133 DJI_20260816174417_0166_D.JPG

134 -0.313374482 -0.309843085 -0.634562055 0.634921015 4.859869758 2.626062364 20.524277675 134 DJI_20260816174420_0167_D.JPG

135 -0.466490991 -0.462772778 -0.532756138 0.533290172 -2.447661522 2.630243756 21.744223490 135 DJI_20260816174423_0168_D.JPG

136 -0.357644967 -0.353795957 -0.610826550 0.611399562 4.303346487 2.631464046 21.369643694 136 DJI_20260816174426_0169_D.JPG

137 0.012773027 0.011795471 0.773176730 -0.633952254 -10.111161704 2.820874357 12.872667477 137 DJI_20260816174429_0170_D.JPG

138 0.011373549 0.011836253 0.773227668 -0.633916018 -12.804946442 2.916505802 12.387850096 138 DJI_20260816174432_0171_D.JPG

139 0.427563296 0.545679122 0.571328841 -0.439325937 1.447853046 -0.492592602 23.379551676 139 DJI_20260816174435_0172_D.JPG

140 0.581900395 0.811847294 -0.035414971 0.032275085 1.767842113 5.497186772 7.535704398 140 DJI_20260816174438_0173_D.JPG

141 0.582601076 0.812739043 0.002129810 0.005167150 4.673822269 5.539246908 7.444644551 141 DJI_20260816174441_0174_D.JPG

142 0.582427172 0.812770757 -0.006888839 0.011611634 3.751831879 5.539944805 7.408106301 142 DJI_20260816174444_0175_D.JPG

143 0.582803847 0.812592675 0.002761349 0.005019450 5.764272621 5.531455228 7.525503353 143 DJI_20260816174447_0176_D.JPG

144 -0.002320521 -0.011937353 0.811071231 -0.584820976 -6.058654661 5.581675710 7.217501843 144 DJI_20260816174450_0177_D.JPG

145 0.000915335 -0.006098094 0.811770293 -0.583944318 -4.219037932 5.639941497 7.086954416 145 DJI_20260816174453_0178_D.JPG

146 0.001125801 -0.006971528 0.811298620 -0.584589325 -1.958398165 5.709570853 6.923389963 146 DJI_20260816174456_0179_D.JPG

147 0.001405964 -0.005713748 0.812131816 -0.583444333 -0.645993878 5.709877405 6.928372853 147 DJI_20260816174459_0180_D.JPG

148 -0.034917641 -0.056258439 0.809289609 -0.583666065 -8.176998729 4.615134936 9.967542263 148 DJI_20260816174502_0181_D.JPG

149 -0.130107513 -0.190363346 0.789159481 -0.569263687 -6.501092009 3.781021343 12.412674041 149 DJI_20260816174505_0182_D.JPG

150 -0.125049179 -0.179591952 0.791348665 -0.570856133 -7.585934999 3.852381337 12.267725783 150 DJI_20260816174508_0183_D.JPG

151 0.417569236 0.578565074 -0.564423035 0.415120496 -0.437578402 2.588690007 16.683462224 151 DJI_20260816174511_0184_D.JPG

152 0.415594311 0.577546882 -0.567516227 0.414302184 -0.287713803 2.510932052 16.679275360 152 DJI_20260816174514_0185_D.JPG

153 0.475034475 0.658419101 -0.469630414 0.346805147 2.852772413 2.717389223 16.310891729 153 DJI_20260816174517_0186_D.JPG

154 -0.405779749 -0.564918942 0.580647865 -0.423151795 1.199609810 2.489609179 16.735834501 154 DJI_20260816174520_0187_D.JPG

155 0.554635477 0.771450805 -0.249313009 0.187313019 7.597431438 3.635649084 13.426878139 155 DJI_20260816174523_0188_D.JPG

156 -0.306597778 -0.428790717 0.687427416 -0.499579695 -2.965832339 2.582647127 16.353051855 156 DJI_20260816174526_0189_D.JPG

157 0.584792828 0.811155329 0.005751315 0.003362018 11.399082452 5.608425092 7.567186479 157 DJI_20260816174529_0190_D.JPG

158 -0.165316521 -0.233681727 0.774941773 -0.563496714 -8.134723823 3.549155523 13.419361875 158 DJI_20260816174532_0191_D.JPG

159 0.583519711 0.812068952 0.005869061 0.003783873 9.863185852 5.618664170 7.457392407 159 DJI_20260816174535_0192_D.JPG

160 0.582104382 0.813091878 0.003525235 0.004864082 7.434997316 5.574146821 7.506197720 160 DJI_20260816174538_0193_D.JPG

161 0.582254521 0.812979641 0.005624155 0.003484891 8.477861182 5.576067507 7.499174154 161 DJI_20260816174541_0194_D.JPG

162 0.522113630 0.728914350 -0.357165725 0.261751548 5.671506555 3.055137702 14.979822020 162 DJI_20260816174544_0195_D.JPG

163 -0.011159540 -0.023860096 0.810126391 -0.585663206 -6.653697507 4.916213109 9.119322499 163 DJI_20260816174550_0197_D.JPG

164 0.635570007 0.771805191 0.017293032 -0.008274354 -6.838643929 6.421442578 6.210420004 164 DJI_20260816174556_0199_D.JPG

165 -0.354607527 -0.508370691 0.641244458 -0.452347530 -3.286598754 -0.798996476 26.244875253 165 DJI_20260816174559_0200_D.JPG

166 0.575368589 0.817828917 -0.008168796 0.006333955 -11.082035882 2.104016242 17.910049523 166 DJI_20260816174602_0201_D.JPG

167 0.574376016 0.818464046 -0.011827900 0.008300501 -7.762460398 2.020159946 18.103316972 167 DJI_20260816174605_0202_D.JPG

168 -0.403428472 -0.577694896 0.579597008 -0.409367051 -0.913660017 -0.858874541 26.485043912 168 DJI_20260816174608_0203_D.JPG

169 0.007151992 0.999766447 -0.019641859 0.005486233 1.390274819 -4.940078532 7.520813348 169 DJI_20260816174611_0204_D.JPG

170 0.573546448 0.819000306 -0.013266678 0.010342475 -2.032235149 1.889020002 18.303289186 170 DJI_20260816174614_0205_D.JPG

171 0.022119031 0.999690133 -0.010779209 0.003767638 -3.549596998 -4.592487541 7.430538981 171 DJI_20260816174617_0206_D.JPG

172 0.573751048 0.818801653 -0.015790812 0.011146266 -3.865537134 1.904912494 18.274066341 172 DJI_20260816174628_0207_D.JPG

173 0.031768419 0.028193920 0.706597587 -0.706339663 14.294913344 2.627400348 10.981768445 173 DJI_20260816174743_0232_D.JPG

174 -0.013384144 -0.009242291 -0.705575719 0.708447846 -1.712788497 2.610054577 12.238370081 174 DJI_20260816174746_0233_D.JPG

175 -0.014727762 -0.010455762 -0.706356739 0.707625556 -0.661659296 2.602112796 11.904070978 175 DJI_20260816174749_0234_D.JPG

176 0.033733463 0.037943165 -0.705793640 0.706595859 -7.820294704 2.533751809 15.026582541 176 DJI_20260816174752_0235_D.JPG

177 0.094557277 0.097768676 -0.699906566 0.701164036 -11.141303797 2.557649409 16.733496899 177 DJI_20260816174755_0236_D.JPG

178 0.227499306 0.228386554 -0.666676820 0.672031000 -8.331050146 2.726321475 20.591033294 178 DJI_20260816174758_0237_D.JPG

179 0.499315964 0.499303538 -0.497901171 0.503461983 8.589310497 2.705068667 21.669426159 179 DJI_20260816174801_0238_D.JPG

180 0.306709647 0.307000087 -0.634667098 0.639435543 -5.996885780 2.660327875 22.750106008 180 DJI_20260816174804_0239_D.JPG

181 0.129394618 0.132544263 -0.693600040 0.696137943 -11.792749799 2.592363384 17.762366997 181 DJI_20260816174807_0240_D.JPG

182 -0.061072793 -0.064356230 0.704953028 -0.703682896 -10.067544744 2.497764360 15.676325401 182 DJI_20260816174810_0241_D.JPG

183 -0.009875235 -0.005540489 -0.704720072 0.709395097 -4.099579919 2.637527372 12.203867829 183 DJI_20260816174813_0242_D.JPG

184 -0.003577534 0.001051903 -0.704656390 0.709538911 -5.392486466 2.622756487 13.543853206 184 DJI_20260816174816_0243_D.JPG

185 -0.021912534 -0.017922137 -0.706823217 0.706823584 6.161280134 2.618887500 11.841094303 185 DJI_20260816174819_0244_D.JPG

186 -0.020881281 -0.016535661 -0.706261909 0.707449405 5.278484580 2.634407682 11.887738129 186 DJI_20260816174822_0245_D.JPG

187 -0.329922700 -0.407249632 0.659513716 -0.538832448 -5.628829420 0.134358570 25.621652292 187 DJI_20260816174825_0246_D.JPG

188 -0.427830546 -0.525585598 0.568741550 -0.466104981 0.667007935 0.061473343 26.334050657 188 DJI_20260816174828_0247_D.JPG

189 0.023116405 0.022115235 0.792493888 -0.609040217 1.111369477 1.622459276 14.787346143 189 DJI_20260816174831_0248_D.JPG

190 0.017475599 0.014853943 0.793037279 -0.608741191 0.103074045 1.624709627 14.661730435 190 DJI_20260816174834_0249_D.JPG

191 0.544574040 0.591866706 0.441107305 -0.398192496 0.152034345 6.536179026 24.582762920 191 DJI_20260816174837_0250_D.JPG

192 -0.040943785 -0.071515568 0.846956958 -0.525236176 -19.967146772 3.245365468 14.732823284 192 DJI_20260816174840_0251_D.JPG

193 -0.191432435 -0.315530612 0.789858601 -0.489813685 -11.419370912 -0.971862195 23.227501610 193 DJI_20260816174843_0252_D.JPG

194 -0.008189972 -0.023050979 0.868321324 -0.495398481 -10.951610587 2.111324488 14.958729324 194 DJI_20260816174846_0253_D.JPG

195 0.013219237 0.012644684 0.869242650 -0.494047142 -1.641209653 2.042061754 15.079410960 195 DJI_20260816174849_0254_D.JPG

196 0.209943170 0.355514202 0.790957653 -0.451574477 5.774305029 -2.183935389 22.709193675 196 DJI_20260816174852_0255_D.JPG

197 0.585358305 0.810712091 -0.004403410 0.009064767 1.395741065 5.583323056 7.092821749 197 DJI_20260816174855_0256_D.JPG

198 0.606255469 0.795086644 -0.011629781 0.012501316 -7.382629406 1.416832925 17.098298109 198 DJI_20260816174858_0257_D.JPG

199 0.601705111 0.798668471 0.007627741 -0.004631539 11.989294242 2.266685722 13.606450888 199 DJI_20260816174901_0258_D.JPG

200 0.605928690 0.795305232 -0.013326295 0.012744400 -5.710193022 1.395168353 17.236573773 200 DJI_20260816174904_0259_D.JPG

201 0.517902550 0.651969095 0.435739923 -0.341824468 -0.132719934 0.637211766 22.678408367 201 DJI_20260816174907_0260_D.JPG

202 0.541829555 0.710096506 0.358907241 -0.270867639 -1.397314592 -0.153856152 22.608501042 202 DJI_20260816174910_0261_D.JPG

203 0.544716935 0.688329510 0.377562098 -0.294843703 -1.433161433 0.580558726 22.671017637 203 DJI_20260816174913_0262_D.JPG

204 0.572220064 0.819583444 -0.022648595 0.018281627 7.760553438 1.667785893 18.990825883 204 DJI_20260816174916_0263_D.JPG

205 0.466302323 0.586061622 0.521707473 -0.408552604 2.007571680 0.697492474 22.131311520 205 DJI_20260816174919_0264_D.JPG

206 0.494279811 0.621961524 0.478105932 -0.374521094 0.586061481 0.653681114 22.442437378 206 DJI_20260816174922_0265_D.JPG

207 0.571140820 0.816774085 -0.065623651 0.048701079 13.333690559 1.141776459 20.802071715 207 DJI_20260816174925_0266_D.JPG

208 0.000528416 -0.008129258 0.792532533 -0.609775221 6.032970682 1.656856904 14.891552262 208 DJI_20260816175013_0282_D.JPG

209 -0.005552307 -0.014696397 0.793050405 -0.608953399 3.843529224 1.677279757 14.624121980 209 DJI_20260816175016_0283_D.JPG

210 -0.023667243 -0.019162843 -0.706163595 0.707393543 8.900373889 2.656494978 11.919772945 210 DJI_20260816175019_0284_D.JPG

211 0.022674299 0.018518463 0.707074683 -0.706532614 7.282862449 2.613033466 11.898591158 211 DJI_20260816175027_0285_D.JPG

212 -0.010091590 -0.005285894 -0.705176896 0.708939888 -2.681674980 2.615672679 12.246652712 212 DJI_20260816175030_0286_D.JPG

213 -0.024224736 -0.019525631 -0.706043358 0.707484762 10.624647266 2.678114200 11.984272141 213 DJI_20260816175033_0287_D.JPG

214 -0.239053461 -0.294725829 0.715977517 -0.585974678 -11.018975341 0.684870835 23.113782128 214 DJI_20260816175036_0288_D.JPG

215 0.505260959 0.500674334 0.497110138 -0.496908528 1.471927283 2.658487548 21.600829751 215 DJI_20260816175039_0289_D.JPG

216 -0.016215666 -0.011517569 -0.706818325 0.707115446 0.593643840 2.586253987 11.872136356 216 DJI_20260816175042_0290_D.JPG

217 -0.018139984 -0.013332959 -0.706545841 0.707309089 2.459078144 2.606498314 11.886859589 217 DJI_20260816175045_0291_D.JPG

218 0.503623932 0.500631177 0.498343951 -0.497377790 -1.085492261 2.584952503 21.449256783 218 DJI_20260816175048_0292_D.JPG

219 0.469009084 0.564712231 0.525121948 -0.430554892 4.726097070 0.975613740 22.415452836 219 DJI_20260816175051_0293_D.JPG

220 0.520780298 0.515371990 0.480828764 -0.481646441 2.134271043 2.701449198 21.784111981 220 DJI_20260816175054_0294_D.JPG

221 0.522640291 0.516855318 0.479426721 -0.479434797 4.640340481 2.703828031 21.981652350 221 DJI_20260816175057_0295_D.JPG

222 0.496093151 0.611401875 -0.477551126 0.389902880 2.167450550 0.110878390 25.609144866 222 DJI_20260816175100_0296_D.JPG

223 0.014622012 0.012687694 0.772609136 -0.634586749 -7.395592078 2.513997792 14.568457111 223 DJI_20260816175103_0297_D.JPG

224 0.427099712 0.546221610 0.571472766 -0.438915331 2.645926853 -0.544119737 23.488107015 224 DJI_20260816175106_0298_D.JPG

225 0.016760521 0.014632027 0.792793456 -0.609084170 -2.148444736 1.794808645 14.000246804 225 DJI_20260816175109_0299_D.JPG

226 0.016717897 0.013374444 0.772698543 -0.634412010 -3.011067847 2.754997593 13.351781901 226 DJI_20260816175112_0300_D.JPG

227 0.375436033 0.612298839 -0.590815598 0.367525299 3.417945810 -2.383472062 26.334979965 227 DJI_20260816175115_0301_D.JPG

228 -0.330271155 -0.537743442 0.658641420 -0.409810243 -0.924435417 -2.515545398 26.571379125 228 DJI_20260816175118_0302_D.JPG

229 -0.257116471 -0.421149117 0.738855646 -0.458930143 -7.526258078 -2.000646166 25.401787571 229 DJI_20260816175121_0303_D.JPG

230 -0.007581508 -0.022931238 0.869289714 -0.493712539 -4.250375555 2.663292620 14.007103226 230 DJI_20260816175124_0304_D.JPG

231 0.025065373 0.029626039 0.869520265 -0.492370322 11.351739784 1.861748429 15.693631155 231 DJI_20260816175127_0305_D.JPG

232 0.707578520 0.706547422 -0.006641048 0.008903650 -3.730427521 2.511107785 12.490400919 232 DJI_20260816175130_0306_D.JPG

233 0.582311618 0.483690473 -0.416011658 0.503875983 1.744297139 8.522905758 22.192440698 233 DJI_20260816175133_0307_D.JPG

234 0.604571957 0.796492085 0.008471034 -0.004620481 14.611198285 2.335286217 13.698936994 234 DJI_20260816175136_0308_D.JPG

235 0.606102913 0.795191515 -0.012429880 0.012458408 -6.426322922 1.420641027 17.153933030 235 DJI_20260816175139_0309_D.JPG

236 0.431801698 0.610960074 0.545126540 -0.378301649 1.612218544 -0.463561110 24.753146149 236 DJI_20260816175142_0310_D.JPG

237 0.573618612 0.818561959 -0.023779100 0.018776653 11.918455125 1.707781603 19.204660838 237 DJI_20260816175145_0311_D.JPG

238 0.634857631 0.772618238 -0.000702370 0.004043934 -10.463679750 6.446332099 6.056721177 238 DJI_20260816175148_0312_D.JPG

239 0.004381203 0.999966548 -0.006678754 0.001761539 -14.327291325 -4.526238609 7.416367548 239 DJI_20260816180222_0315_D.JPG

240 0.630414251 0.776066005 0.016122822 -0.006283477 -5.897360096 6.403439433 6.136352296 240 DJI_20260816180225_0316_D.JPG

241 0.606866386 0.794614222 0.016297943 -0.005983675 -5.057679244 6.045312323 6.477774142 241 DJI_20260816180228_0317_D.JPG

242 0.610950776 0.791644601 -0.001516161 0.005972956 -3.208050192 6.097416429 6.487199505 242 DJI_20260816180231_0318_D.JPG

243 0.608425280 0.793451636 -0.009478994 0.012780029 -0.524851726 6.044479878 6.692758822 243 DJI_20260816180234_0319_D.JPG

244 0.603770449 0.797091454 -0.005218202 0.008901080 -1.550902874 5.976377524 6.703244331 244 DJI_20260816180237_0320_D.JPG

245 0.608496964 0.793517705 0.007784216 -0.000709032 -4.264363200 6.045886526 6.514449331 245 DJI_20260816180240_0321_D.JPG

246 0.635047964 0.772293995 0.014859703 -0.007433617 -7.945479066 6.445236233 6.146500661 246 DJI_20260816180256_0322_D.JPG

247 0.501639813 0.718361852 -0.393503229 0.278332458 2.334949885 -0.696956454 25.742487235 247 DJI_20260816180259_0323_D.JPG

248 0.551604684 0.786456834 0.228330537 -0.158376410 -7.663166293 0.038458769 23.362992402 248 DJI_20260816180302_0324_D.JPG

249 0.459028211 0.648797487 0.497275770 -0.347953634 2.023586253 -0.487255861 25.251831096 249 DJI_20260816180305_0325_D.JPG

250 0.525482918 0.746977186 0.334457946 -0.232444980 -4.620139049 -0.455896979 24.818010316 250 DJI_20260816180308_0326_D.JPG

251 0.600037761 0.785884924 0.120518233 -0.088402078 -7.814484449 0.641665702 19.901926999 251 DJI_20260816180311_0327_D.JPG

252 0.606304679 0.795228151 0.001410397 0.002198832 -10.913724226 1.339452038 17.336226095 252 DJI_20260816180314_0328_D.JPG

253 0.612479835 0.788171156 -0.046095504 0.039113754 9.020166776 2.394495183 14.899917918 253 DJI_20260816180317_0329_D.JPG

254 0.606093450 0.795054555 -0.016884291 0.015934372 1.436374395 2.186569876 14.426693503 254 DJI_20260816180320_0330_D.JPG

255 0.607222808 0.780870509 -0.114648573 0.091528217 7.348141186 1.948475319 16.527659493 255 DJI_20260816180323_0331_D.JPG

256 0.606511388 0.794779043 -0.015793578 0.014858391 -1.830184309 2.204561604 14.319687399 256 DJI_20260816180326_0332_D.JPG

257 0.606300757 0.794831701 -0.018760419 0.017029560 -0.505051215 2.202071788 14.351953649 257 DJI_20260816180329_0333_D.JPG

258 0.481347352 0.630995969 -0.481070599 0.372451193 -0.992890460 -0.133760831 24.095344300 258 DJI_20260816180332_0334_D.JPG

259 0.612242837 0.788223062 -0.047765546 0.039768911 6.727511221 2.372712513 14.797173538 259 DJI_20260816180335_0335_D.JPG

260 0.613332087 0.787368760 -0.047243224 0.040524869 6.348704145 2.372431441 15.081051058 260 DJI_20260816180338_0336_D.JPG

261 0.605111392 0.794740815 -0.036156806 0.030330296 4.582655594 2.086603832 14.828956348 261 DJI_20260816180341_0337_D.JPG

262 0.494393777 0.572029854 -0.493137366 0.430316368 1.772811204 2.731645823 23.964353631 262 DJI_20260816180344_0338_D.JPG

263 0.606088326 0.795298921 -0.008463216 0.009216354 3.414932280 2.163004344 14.482704957 263 DJI_20260816180347_0339_D.JPG

264 0.606364748 0.795106632 0.008905079 -0.006923585 16.199537597 2.017651818 15.112347866 264 DJI_20260816180350_0340_D.JPG

265 0.458846433 0.600462390 -0.517231921 0.401716328 -0.317106542 -0.048126009 24.099038672 265 DJI_20260816180353_0341_D.JPG

266 0.547402949 0.523238766 -0.449628284 0.473714694 1.815264920 3.712099435 23.210508145 266 DJI_20260816180356_0342_D.JPG

267 0.707327955 0.706800266 -0.006899766 0.008540537 -5.676964064 2.548500435 12.332032857 267 DJI_20260816180359_0343_D.JPG

268 0.466542774 0.815112128 0.297901749 -0.170835028 -8.692049693 -2.392327253 22.717439189 268 DJI_20260816180402_0344_D.JPG

269 0.025350998 0.031011832 0.868873814 -0.493410467 8.281243371 1.887105276 15.665568794 269 DJI_20260816180405_0345_D.JPG

270 -0.007946927 -0.023226035 0.869206129 -0.493840159 -6.014555725 2.724772065 13.919253171 270 DJI_20260816180408_0346_D.JPG

271 0.450642808 0.722669761 0.448508837 -0.271125984 -1.289687379 -0.831661095 22.772985404 271 DJI_20260816180411_0347_D.JPG

272 0.005972149 -0.002623658 0.792802806 -0.609443321 12.163691805 1.646643396 15.259481925 272 DJI_20260816180414_0348_D.JPG

273 0.007358359 -0.002204574 0.793806646 -0.608121701 14.527980033 1.597472174 15.430095834 273 DJI_20260816180417_0349_D.JPG

274 -0.015131755 -0.019604933 0.773340349 -0.633507207 -18.591865849 2.640798174 13.707478575 274 DJI_20260816180420_0350_D.JPG

275 0.011198351 0.012676012 0.774254701 -0.632648065 -17.819494932 2.911292675 12.288172416 275 DJI_20260816180423_0351_D.JPG

276 0.010975027 0.012236421 0.772748863 -0.634499026 -15.149779685 2.954451290 12.310461701 276 DJI_20260816180426_0352_D.JPG

277 0.401169427 0.509511996 0.602067668 -0.465805903 -4.591444484 -0.247245476 22.470069339 277 DJI_20260816180429_0353_D.JPG

278 0.424689012 0.542478581 0.574216801 -0.442302269 -2.795158694 -0.450427404 22.996571811 278 DJI_20260816180432_0354_D.JPG

279 -0.008527431 -0.022981801 0.868983368 -0.494233776 -9.388559350 2.624033311 14.040013943 279 DJI_20260816180435_0355_D.JPG

280 0.013735875 0.012478188 0.869085607 -0.494313491 0.503447527 1.977533197 15.308547091 280 DJI_20260816180438_0356_D.JPG

281 0.026555730 0.033699934 0.868427082 -0.493956993 4.825853352 1.845014741 15.642064530 281 DJI_20260816180441_0357_D.JPG

282 0.438800885 0.762284474 0.412883288 -0.236439325 -4.467471283 -3.274291196 24.365795378 282 DJI_20260816180444_0358_D.JPG

283 0.378748791 0.651075299 0.570796335 -0.326866720 -1.509371149 -3.079568456 24.347533151 283 DJI_20260816180447_0359_D.JPG

284 0.702961673 0.695547231 0.105227601 -0.104814540 -12.425035586 2.587134903 16.938932831 284 DJI_20260816180450_0360_D.JPG

285 0.295313932 0.503413395 0.704451007 -0.403873017 1.447188104 -2.820828913 23.996842848 285 DJI_20260816180453_0361_D.JPG

286 0.709308931 0.704870834 0.004845658 -0.003803523 -15.091421206 2.498311300 12.919584797 286 DJI_20260816180456_0362_D.JPG

287 0.708639697 0.703837873 0.035673970 -0.034196448 -15.130202075 2.506850296 14.297927649 287 DJI_20260816180459_0363_D.JPG

288 0.675444867 0.667004565 0.222651819 -0.222047988 -6.637765767 2.623505017 20.289772787 288 DJI_20260816180502_0364_D.JPG

289 0.659368859 0.651096869 0.266044015 -0.265567613 -5.076779460 2.627387144 21.100150079 289 DJI_20260816180505_0365_D.JPG

290 0.709683599 0.704430857 -0.006997362 0.008797382 -12.567960806 2.521664927 12.441298548 290 DJI_20260816180508_0366_D.JPG

291 0.708965224 0.705125590 -0.008346511 0.009825903 -13.370316886 2.496720291 12.302270989 291 DJI_20260816180511_0367_D.JPG

292 0.747288565 0.664348406 -0.009027917 0.010931269 8.341261887 3.991520787 11.981789615 292 DJI_20260816180514_0368_D.JPG

293 0.741941100 0.670348293 -0.007976364 0.009640968 7.206832639 3.800746702 11.977173056 293 DJI_20260816180517_0369_D.JPG

294 0.661238295 0.630016257 -0.279402418 0.296273053 4.511451634 3.668228195 20.938713487 294 DJI_20260816180520_0370_D.JPG

295 0.722332434 0.689832843 -0.032972606 0.035767444 12.202095861 3.225572763 13.365945806 295 DJI_20260816180523_0371_D.JPG

296 0.704520460 0.672913388 -0.154728383 0.164004939 11.190230866 3.457796340 18.161707279 296 DJI_20260816180526_0372_D.JPG

297 0.583800858 0.555249089 -0.407191547 0.430197689 4.123811352 3.787261926 22.666273534 297 DJI_20260816180529_0373_D.JPG

298 0.599134370 0.572244140 -0.385220824 0.406422893 3.379411088 3.693716631 22.315184229 298 DJI_20260816180532_0374_D.JPG

299 0.550492322 0.724575126 -0.328890194 0.252547679 3.106386167 -0.158144435 22.977833682 299 DJI_20260816180535_0375_D.JPG

300 0.604508472 0.796340449 -0.014692066 0.013983535 -3.144617788 1.953326249 15.015678967 300 DJI_20260816180538_0376_D.JPG

301 0.573539965 0.814716100 0.070232329 -0.048548997 -13.044094136 1.566351168 19.393747005 301 DJI_20260816180541_0377_D.JPG

302 0.482528940 0.690399686 -0.440116645 0.311145358 2.858129303 -0.754213381 26.063535444 302 DJI_20260816180544_0378_D.JPG

303 0.634610494 0.772825932 0.001499789 0.002711298 -9.838318680 6.431933155 6.093563067 303 DJI_20260816180547_0379_D.JPG

304 0.007737079 0.999858736 -0.014333280 0.004147573 -0.944316563 -4.858332194 7.487029754 304 DJI_20260816180550_0380_D.JPG

305 0.573007869 0.819073015 -0.021846445 0.017438791 4.407469013 1.755184345 18.784605876 305 DJI_20260816180553_0381_D.JPG

306 0.574289022 0.818407205 -0.016430884 0.011480066 -6.062637334 1.958652176 18.258727862 306 DJI_20260816180556_0382_D.JPG

307 0.432051330 0.610551613 0.544791443 -0.379157831 3.629226760 -0.406960752 24.851131614 307 DJI_20260816180610_0383_D.JPG

308 0.573211484 0.819225555 -0.013332899 0.010968991 1.240866845 1.837018698 18.442536894 308 DJI_20260816180613_0384_D.JPG

309 0.521286487 0.748211315 -0.335562156 0.236301219 1.383654513 -0.681209386 25.421806040 309 DJI_20260816180615_0385_D.JPG

310 0.454637115 0.649798844 -0.497233409 0.351888468 2.836125471 -0.825030765 26.481245873 310 DJI_20260816180618_0386_D.JPG

311 0.573857178 0.818103251 0.030737936 -0.021217649 -12.317154178 1.702466073 18.944080829 311 DJI_20260816180621_0387_D.JPG

312 0.570553820 0.749616402 0.268294977 -0.201398593 -3.683940807 -0.042802495 22.146749694 312 DJI_20260816180624_0388_D.JPG

313 0.604853813 0.796093472 -0.013943929 0.013878611 -4.559842920 1.451682392 16.887731845 313 DJI_20260816180627_0389_D.JPG

314 0.575913055 0.757798047 -0.243204021 0.186863793 6.029578790 0.138189960 21.859847681 314 DJI_20260816180630_0390_D.JPG

315 0.527398532 0.693205690 -0.388909629 0.300109913 0.353909006 -0.170016256 24.016078588 315 DJI_20260816180633_0391_D.JPG

316 0.615065268 0.586402892 -0.362103195 0.383024333 2.618059201 3.694661047 21.953194305 316 DJI_20260816180636_0392_D.JPG

317 0.720427557 0.686417887 -0.067666305 0.072359452 13.874412051 3.332350147 14.860909172 317 DJI_20260816180639_0393_D.JPG

318 0.709643957 0.704467461 -0.007150046 0.008940212 -9.611743196 2.573960095 12.364576311 318 DJI_20260816180642_0394_D.JPG

319 0.709124560 0.704995928 -0.007118346 0.008510551 -12.087925415 2.518175169 12.344404375 319 DJI_20260816180645_0395_D.JPG

320 0.707317048 0.706483972 -0.016254916 0.017854094 -7.430770558 2.502473692 12.263218173 320 DJI_20260816180648_0396_D.JPG

321 0.322305572 0.554405173 0.666167680 -0.380755360 1.134182957 -3.128607134 24.301289931 321 DJI_20260816180651_0397_D.JPG

322 0.378726506 0.652711463 0.569886082 -0.325213519 3.426247990 -3.210451903 24.488863161 322 DJI_20260816180654_0398_D.JPG

323 0.018522435 0.020620682 0.868768712 -0.494441738 2.722574737 1.934030792 15.461470726 323 DJI_20260816180657_0399_D.JPG

324 -0.007943941 -0.022680381 0.869904251 -0.492634843 -7.617589729 2.839267000 13.594832568 324 DJI_20260816180700_0400_D.JPG

325 -0.081151546 -0.137444309 0.839442155 -0.519480854 -15.257114872 1.987903165 17.171916950 325 DJI_20260816180703_0401_D.JPG

326 0.426054140 0.682218362 0.507796522 -0.308542813 0.308454791 -0.939806810 22.980774152 326 DJI_20260816180706_0402_D.JPG

327 0.002389207 -0.006427907 0.793038766 -0.609132571 9.939392668 1.650880162 15.016803937 327 DJI_20260816180709_0403_D.JPG

328 -0.203068025 -0.250931855 0.732692354 -0.599131452 -10.267475489 0.901432371 22.065750578 328 DJI_20260816180712_0404_D.JPG

329 0.496927167 0.493866054 0.504638541 -0.504479587 -3.157980543 2.599307253 21.417760660 329 DJI_20260816180715_0405_D.JPG

330 0.019584156 0.720577524 0.693013759 -0.010789882 11.188650704 -17.573663504 15.062788933 330 DJI_20260816180752_0410_D.JPG

331 0.017097967 0.720993410 0.692648427 -0.010692030 11.138993723 -6.887368502 14.495419499 331 DJI_20260816180755_0411_D.JPG

332 0.019926681 0.720472492 0.693102690 -0.011444485 11.115908613 -16.586379787 14.966276341 332 DJI_20260816180758_0412_D.JPG

333 0.016721785 0.716302336 0.697508617 -0.010633628 11.217272790 -3.923967856 14.417086801 333 DJI_20260816180816_0418_D.JPG

334 0.522496279 0.717790912 0.373549268 -0.268765307 -3.434885398 2.929464297 15.394258028 334 DJI_20260816180833_0419_D.JPG

335 0.454005168 0.618812417 0.519402207 -0.375728422 0.459163909 2.967289018 15.597034799 335 DJI_20260816180836_0420_D.JPG

336 0.007078110 0.002530224 0.812120539 -0.583441282 1.597810079 5.775184367 6.758309470 336 DJI_20260816180839_0421_D.JPG

337 0.007944946 0.004244656 0.811624055 -0.584110653 2.491121643 5.772173325 6.803054849 337 DJI_20260816180842_0422_D.JPG

338 0.009057243 0.005634600 0.811665501 -0.584025113 5.184472365 5.814799889 6.701142045 338 DJI_20260816180845_0423_D.JPG

339 0.010245491 0.006810292 0.812657031 -0.582612392 6.802179383 5.821684884 6.673509580 339 DJI_20260816180848_0424_D.JPG

340 0.011404752 0.007341575 0.812735108 -0.582475474 8.073102430 5.853242869 6.659777072 340 DJI_20260816180851_0425_D.JPG

341 0.005181936 -0.000041042 0.812504565 -0.582931795 4.006965069 5.801303233 6.700252170 341 DJI_20260816180854_0426_D.JPG

342 0.650557646 0.619242335 -0.301920835 0.319620851 4.819127613 3.711548235 21.182586763 342 DJI_20260816180857_0427_D.JPG

343 0.722751212 0.690922184 -0.010441323 0.012173737 12.158646419 3.189546134 12.444440028 343 DJI_20260816180900_0428_D.JPG

344 0.706485974 0.707644310 -0.007157061 0.008116323 6.017052947 2.529689550 12.407881884 344 DJI_20260816180903_0429_D.JPG

345 0.707585037 0.706591374 -0.004481696 0.005653362 3.846776541 2.551420170 12.521412100 345 DJI_20260816180906_0430_D.JPG

346 0.707172499 0.706985155 -0.005714857 0.006810850 4.910274465 2.555260351 12.478571950 346 DJI_20260816180909_0431_D.JPG

347 0.722641911 0.691061763 -0.009674835 0.011344859 9.901217235 3.151353047 12.328914869 347 DJI_20260816180912_0432_D.JPG

348 0.707064463 0.707140135 -0.001788139 0.003078622 -0.430161180 2.531628752 12.516591583 348 DJI_20260816180915_0433_D.JPG

349 0.707440567 0.706753891 -0.002826257 0.004335175 2.053805850 2.555619591 12.463453241 349 DJI_20260816180918_0434_D.JPG

350 0.559133674 0.551213359 0.438651628 -0.437170581 3.793761779 2.613181674 21.795507358 350 DJI_20260816180921_0435_D.JPG

351 0.621950190 0.614031013 0.343979845 -0.343251719 -1.976009898 2.613819394 22.014146904 351 DJI_20260816180924_0436_D.JPG

352 0.526282320 0.518072137 0.477114358 -0.476434748 4.183234473 2.611886349 20.969143637 352 DJI_20260816180927_0437_D.JPG

353 0.707319755 0.706813898 -0.006331220 0.008531885 -1.531431496 2.527310597 12.426500474 353 DJI_20260816180930_0438_D.JPG

354 0.017204863 0.720884064 0.692760863 -0.010608740 11.229942028 -9.410745028 14.706579385 354 DJI_20260816180933_0439_D.JPG

355 0.002316969 -0.004205151 0.811964943 -0.583686457 0.695506905 5.751604330 6.811738440 355 DJI_20260816180936_0440_D.JPG

356 0.426856816 0.681636213 0.507255263 -0.309608510 0.304802858 -2.077276845 25.342045916 356 DJI_20260816180939_0441_D.JPG

357 0.320574922 0.406192138 0.677683171 -0.522479843 -0.191254003 -0.388222692 22.875487867 357 DJI_20260816180942_0442_D.JPG

358 0.215690520 0.267621207 0.743522264 -0.573612354 3.946479980 -0.045901595 21.823826771 358 DJI_20260816180945_0443_D.JPG

359 0.002554931 -0.005781003 0.793163922 -0.608975406 7.488695014 1.640778811 14.911964745 359 DJI_20260816180948_0444_D.JPG

360 0.609326392 0.792849650 -0.004643789 0.009445459 0.676191431 6.040010599 6.839357806 360 DJI_20260816180951_0445_D.JPG

361 -0.017189847 -0.012517696 -0.706946551 0.706947233 1.577168770 2.587797867 11.905005803 361 DJI_20260816180954_0446_D.JPG

362 0.014663719 0.019174666 -0.705571826 0.708227157 -6.529439559 2.583278511 14.655541779 362 DJI_20260816180957_0447_D.JPG

363 0.018903016 0.014701839 0.706971850 -0.706836145 3.319463122 2.602627241 11.864101072 363 DJI_20260816181016_0448_D.JPG

364 0.000427042 0.005193370 -0.706393878 0.707799785 -5.955912046 2.561273316 14.392437060 364 DJI_20260816181019_0449_D.JPG

365 0.019894173 0.015648879 0.707115607 -0.706644786 4.474948533 2.605114264 11.947895523 365 DJI_20260816181022_0450_D.JPG

366 0.447525284 0.551416997 -0.544625877 0.446142432 0.567859987 0.057971249 26.234000597 366 DJI_20260816181025_0451_D.JPG

367 0.013778586 0.011983301 0.772704640 -0.634503027 -8.955970650 2.550516070 14.349336442 367 DJI_20260816181028_0452_D.JPG

368 0.400307755 0.653202602 -0.545620985 0.339673083 2.466152301 -2.273933801 26.006352063 368 DJI_20260816181031_0453_D.JPG

369 0.015623083 0.012547643 0.772885315 -0.634229269 -5.275685390 2.505308332 14.599951354 369 DJI_20260816181034_0454_D.JPG

370 -0.311454187 -0.509810975 0.681454621 -0.422739469 -2.370973097 -2.586195415 26.481902992 370 DJI_20260816181037_0455_D.JPG

371 -0.047976301 -0.081661355 0.839340608 -0.535291547 -11.745355021 2.928420765 16.061756859 371 DJI_20260816181040_0456_D.JPG

372 0.469231959 0.598761717 0.513860391 -0.396551729 2.556221150 -0.588180225 24.123134508 372 DJI_20260816181043_0457_D.JPG

373 -0.037117145 -0.073013594 0.866109308 -0.493098367 -10.445958582 1.448667120 16.072247401 373 DJI_20260816181046_0458_D.JPG

374 -0.081332564 -0.137824355 0.839369377 -0.519469451 -12.103723713 1.915437359 17.368987823 374 DJI_20260816181049_0459_D.JPG

375 0.012930517 0.012694262 0.869277913 -0.493991465 -2.651769837 2.761354475 13.912373770 375 DJI_20260816181052_0460_D.JPG

376 0.043159783 0.061448339 0.867193778 -0.492276636 13.243330290 1.394934297 16.619943888 376 DJI_20260816181055_0461_D.JPG

377 0.543869091 0.535752265 0.457251758 -0.456176229 1.968995233 2.586229793 21.200711959 377 DJI_20260816181058_0462_D.JPG

378 0.708060435 0.706066075 -0.006600592 0.008806224 -2.710868561 2.560643100 12.520443710 378 DJI_20260816181101_0463_D.JPG

379 0.015345045 0.011246914 0.810035954 -0.586071488 9.366045083 5.893644560 6.641504549 379 DJI_20260816181104_0464_D.JPG

380 0.232181303 0.316385415 0.746800181 -0.536918617 6.507692207 3.549624590 13.456265739 380 DJI_20260816181107_0465_D.JPG

381 0.358381761 0.491050379 0.643919182 -0.464542921 1.872505186 3.071485340 15.016355068 381 DJI_20260816181110_0466_D.JPG

382 0.407712416 0.554627485 0.587501477 -0.425442068 2.086331890 3.079416647 15.264839591 382 DJI_20260816181113_0467_D.JPG

383 0.378253852 0.515134427 0.623336402 -0.450568836 2.382691452 3.142293040 14.953097113 383 DJI_20260816181116_0468_D.JPG

384 0.020788045 0.014081842 0.810131420 -0.585710373 10.900030601 5.941027820 6.736571713 384 DJI_20260816181119_0469_D.JPG

