# Camera list with one line of data per camera:
#   CAMERA_ID, MODEL, WIDTH, HEIGHT, PARAMS[]
1 PINHOLE 4096 3072 2763.155498 2763.155498 2048.000000 1536.000000
2 PINHOLE 4096 3072 2810.272816 2810.272816 2048.000000 1536.000000
3 PINHOLE 4096 3072 2831.890234 2831.890234 2048.000000 1536.000000
4 PINHOLE 4096 3072 2756.735524 2756.735524 2048.000000 1536.000000
5 PINHOLE 4096 3072 2777.277509 2777.277509 2048.000000 1536.000000
6 PINHOLE 4096 3072 2765.779097 2765.779097 2048.000000 1536.000000
7 PINHOLE 4096 3072 2791.550083 2791.550083 2048.000000 1536.000000
8 PINHOLE 4096 3072 2816.859637 2816.859637 2048.000000 1536.000000
9 PINHOLE 4096 3072 2797.204766 2797.204766 2048.000000 1536.000000
10 PINHOLE 4096 3072 2779.525514 2779.525514 2048.000000 1536.000000
11 PINHOLE 4096 3072 2782.368978 2782.368978 2048.000000 1536.000000
12 PINHOLE 4096 3072 2776.765310 2776.765310 2048.000000 1536.000000
13 PINHOLE 4096 3072 2772.177132 2772.177132 2048.000000 1536.000000
14 PINHOLE 4096 3072 2761.302120 2761.302120 2048.000000 1536.000000
15 PINHOLE 4096 3072 2755.784494 2755.784494 2048.000000 1536.000000
16 PINHOLE 4096 3072 2760.474686 2760.474686 2048.000000 1536.000000
17 PINHOLE 4096 3072 2763.046113 2763.046113 2048.000000 1536.000000
18 PINHOLE 4096 3072 2762.287810 2762.287810 2048.000000 1536.000000
19 PINHOLE 4096 3072 2763.046113 2763.046113 2048.000000 1536.000000
20 PINHOLE 4096 3072 2773.093554 2773.093554 2048.000000 1536.000000
21 PINHOLE 4096 3072 2767.224888 2767.224888 2048.000000 1536.000000
22 PINHOLE 4096 3072 2763.046113 2763.046113 2048.000000 1536.000000
23 PINHOLE 4096 3072 2761.227123 2761.227123 2048.000000 1536.000000
24 PINHOLE 4096 3072 2785.523596 2785.523596 2048.000000 1536.000000
25 PINHOLE 4096 3072 2785.680221 2785.680221 2048.000000 1536.000000
26 PINHOLE 4096 3072 2804.711251 2804.711251 2048.000000 1536.000000
27 PINHOLE 4096 3072 2820.069120 2820.069120 2048.000000 1536.000000
28 PINHOLE 4096 3072 2788.765957 2788.765957 2048.000000 1536.000000
29 PINHOLE 4096 3072 2790.621424 2790.621424 2048.000000 1536.000000
30 PINHOLE 4096 3072 2778.679372 2778.679372 2048.000000 1536.000000
31 PINHOLE 4096 3072 2777.684768 2777.684768 2048.000000 1536.000000
32 PINHOLE 4096 3072 2787.915897 2787.915897 2048.000000 1536.000000
33 PINHOLE 4096 3072 2818.752688 2818.752688 2048.000000 1536.000000
34 PINHOLE 4096 3072 2793.727636 2793.727636 2048.000000 1536.000000
35 PINHOLE 4096 3072 2783.297588 2783.297588 2048.000000 1536.000000
36 PINHOLE 4096 3072 2894.115260 2894.115260 2048.000000 1536.000000
37 PINHOLE 4096 3072 2783.214333 2783.214333 2048.000000 1536.000000
38 PINHOLE 4096 3072 2787.442966 2787.442966 2048.000000 1536.000000
39 PINHOLE 4096 3072 2810.586815 2810.586815 2048.000000 1536.000000
40 PINHOLE 4096 3072 2791.550083 2791.550083 2048.000000 1536.000000
41 PINHOLE 4096 3072 2797.290346 2797.290346 2048.000000 1536.000000
42 PINHOLE 4096 3072 2914.735233 2914.735233 2048.000000 1536.000000
43 PINHOLE 4096 3072 2837.504548 2837.504548 2048.000000 1536.000000
44 PINHOLE 4096 3072 2822.546433 2822.546433 2048.000000 1536.000000
45 PINHOLE 4096 3072 2795.353563 2795.353563 2048.000000 1536.000000
46 PINHOLE 4096 3072 2856.182499 2856.182499 2048.000000 1536.000000
47 PINHOLE 4096 3072 2969.717957 2969.717957 2048.000000 1536.000000
48 PINHOLE 4096 3072 2858.128790 2858.128790 2048.000000 1536.000000
49 PINHOLE 4096 3072 2800.950490 2800.950490 2048.000000 1536.000000
50 PINHOLE 4096 3072 2835.000297 2835.000297 2048.000000 1536.000000
51 PINHOLE 4096 3072 2854.620055 2854.620055 2048.000000 1536.000000
52 PINHOLE 4096 3072 2767.604091 2767.604091 2048.000000 1536.000000
53 PINHOLE 4096 3072 2777.254697 2777.254697 2048.000000 1536.000000
54 PINHOLE 4096 3072 2900.625173 2900.625173 2048.000000 1536.000000
55 PINHOLE 4096 3072 2796.280082 2796.280082 2048.000000 1536.000000
56 PINHOLE 4096 3072 2863.983612 2863.983612 2048.000000 1536.000000
57 PINHOLE 4096 3072 2835.499969 2835.499969 2048.000000 1536.000000
58 PINHOLE 4096 3072 2791.550083 2791.550083 2048.000000 1536.000000
59 PINHOLE 4096 3072 2797.135045 2797.135045 2048.000000 1536.000000
60 PINHOLE 4096 3072 3770.247140 3770.247140 2048.000000 1536.000000
61 PINHOLE 4096 3072 2780.794512 2780.794512 2048.000000 1536.000000
62 PINHOLE 4096 3072 2789.460544 2789.460544 2048.000000 1536.000000
63 PINHOLE 4096 3072 2792.479361 2792.479361 2048.000000 1536.000000
64 PINHOLE 4096 3072 2787.839149 2787.839149 2048.000000 1536.000000
65 PINHOLE 4096 3072 2786.216636 2786.216636 2048.000000 1536.000000
66 PINHOLE 4096 3072 2856.431935 2856.431935 2048.000000 1536.000000
67 PINHOLE 4096 3072 2837.880484 2837.880484 2048.000000 1536.000000
68 PINHOLE 4096 3072 2766.691293 2766.691293 2048.000000 1536.000000
69 PINHOLE 4096 3072 2764.867502 2764.867502 2048.000000 1536.000000
70 PINHOLE 4096 3072 2769.431496 2769.431496 2048.000000 1536.000000
71 PINHOLE 4096 3072 2771.261315 2771.261315 2048.000000 1536.000000
72 PINHOLE 4096 3072 2771.261315 2771.261315 2048.000000 1536.000000
73 PINHOLE 4096 3072 2763.350012 2763.350012 2048.000000 1536.000000
74 PINHOLE 4096 3072 2773.172850 2773.172850 2048.000000 1536.000000
75 PINHOLE 4096 3072 2772.483750 2772.483750 2048.000000 1536.000000
76 PINHOLE 4096 3072 2767.604091 2767.604091 2048.000000 1536.000000
77 PINHOLE 4096 3072 2774.206972 2774.206972 2048.000000 1536.000000
78 PINHOLE 4096 3072 2787.316432 2787.316432 2048.000000 1536.000000
79 PINHOLE 4096 3072 2761.467461 2761.467461 2048.000000 1536.000000
80 PINHOLE 4096 3072 2772.481022 2772.481022 2048.000000 1536.000000
81 PINHOLE 4096 3072 2770.346103 2770.346103 2048.000000 1536.000000
82 PINHOLE 4096 3072 2774.010582 2774.010582 2048.000000 1536.000000
83 PINHOLE 4096 3072 2768.517492 2768.517492 2048.000000 1536.000000
84 PINHOLE 4096 3072 2776.157536 2776.157536 2048.000000 1536.000000
85 PINHOLE 4096 3072 2766.691293 2766.691293 2048.000000 1536.000000
86 PINHOLE 4096 3072 2768.517492 2768.517492 2048.000000 1536.000000
87 PINHOLE 4096 3072 2771.337559 2771.337559 2048.000000 1536.000000
88 PINHOLE 4096 3072 2768.822798 2768.822798 2048.000000 1536.000000
89 PINHOLE 4096 3072 2769.809953 2769.809953 2048.000000 1536.000000
90 PINHOLE 4096 3072 2768.517492 2768.517492 2048.000000 1536.000000
91 PINHOLE 4096 3072 2768.684778 2768.684778 2048.000000 1536.000000
92 PINHOLE 4096 3072 2766.691293 2766.691293 2048.000000 1536.000000
93 PINHOLE 4096 3072 2781.767656 2781.767656 2048.000000 1536.000000
94 PINHOLE 4096 3072 2776.012760 2776.012760 2048.000000 1536.000000
95 PINHOLE 4096 3072 2782.675234 2782.675234 2048.000000 1536.000000
96 PINHOLE 4096 3072 2807.648726 2807.648726 2048.000000 1536.000000
97 PINHOLE 4096 3072 2781.368700 2781.368700 2048.000000 1536.000000
98 PINHOLE 4096 3072 2768.517492 2768.517492 2048.000000 1536.000000
99 PINHOLE 4096 3072 2768.517492 2768.517492 2048.000000 1536.000000
100 PINHOLE 4096 3072 2763.046113 2763.046113 2048.000000 1536.000000
101 PINHOLE 4096 3072 2776.765310 2776.765310 2048.000000 1536.000000
102 PINHOLE 4096 3072 2765.167803 2765.167803 2048.000000 1536.000000
103 PINHOLE 4096 3072 2765.845903 2765.845903 2048.000000 1536.000000
104 PINHOLE 4096 3072 2765.100531 2765.100531 2048.000000 1536.000000
105 PINHOLE 4096 3072 2766.691293 2766.691293 2048.000000 1536.000000
106 PINHOLE 4096 3072 2902.929501 2902.929501 2048.000000 1536.000000
107 PINHOLE 4096 3072 2767.680285 2767.680285 2048.000000 1536.000000
108 PINHOLE 4096 3072 2772.177132 2772.177132 2048.000000 1536.000000
109 PINHOLE 4096 3072 2771.261315 2771.261315 2048.000000 1536.000000
110 PINHOLE 4096 3072 2768.594589 2768.594589 2048.000000 1536.000000
111 PINHOLE 4096 3072 2771.493385 2771.493385 2048.000000 1536.000000
112 PINHOLE 4096 3072 2765.779097 2765.779097 2048.000000 1536.000000
113 PINHOLE 4096 3072 2770.192416 2770.192416 2048.000000 1536.000000
114 PINHOLE 4096 3072 2768.517492 2768.517492 2048.000000 1536.000000
115 PINHOLE 4096 3072 2773.472636 2773.472636 2048.000000 1536.000000
116 PINHOLE 4096 3072 2767.607113 2767.607113 2048.000000 1536.000000
117 PINHOLE 4096 3072 2766.691293 2766.691293 2048.000000 1536.000000
118 PINHOLE 4096 3072 2770.346103 2770.346103 2048.000000 1536.000000
119 PINHOLE 4096 3072 2775.368018 2775.368018 2048.000000 1536.000000
120 PINHOLE 4096 3072 2772.625233 2772.625233 2048.000000 1536.000000
121 PINHOLE 4096 3072 2766.691293 2766.691293 2048.000000 1536.000000
122 PINHOLE 4096 3072 2765.011161 2765.011161 2048.000000 1536.000000
123 PINHOLE 4096 3072 2772.177737 2772.177737 2048.000000 1536.000000
124 PINHOLE 4096 3072 2775.000927 2775.000927 2048.000000 1536.000000
125 PINHOLE 4096 3072 2769.432702 2769.432702 2048.000000 1536.000000
126 PINHOLE 4096 3072 2772.177132 2772.177132 2048.000000 1536.000000
127 PINHOLE 4096 3072 2795.270910 2795.270910 2048.000000 1536.000000
128 PINHOLE 4096 3072 2797.304834 2797.304834 2048.000000 1536.000000
129 PINHOLE 4096 3072 2789.693382 2789.693382 2048.000000 1536.000000
130 PINHOLE 4096 3072 2785.987380 2785.987380 2048.000000 1536.000000
131 PINHOLE 4096 3072 2786.912957 2786.912957 2048.000000 1536.000000
132 PINHOLE 4096 3072 2771.261315 2771.261315 2048.000000 1536.000000
133 PINHOLE 4096 3072 2765.779097 2765.779097 2048.000000 1536.000000
134 PINHOLE 4096 3072 2761.605707 2761.605707 2048.000000 1536.000000
135 PINHOLE 4096 3072 2905.648770 2905.648770 2048.000000 1536.000000
136 PINHOLE 4096 3072 2768.674359 2768.674359 2048.000000 1536.000000
137 PINHOLE 4096 3072 2781.388270 2781.388270 2048.000000 1536.000000
138 PINHOLE 4096 3072 2768.517492 2768.517492 2048.000000 1536.000000
139 PINHOLE 4096 3072 2772.561549 2772.561549 2048.000000 1536.000000
140 PINHOLE 4096 3072 2772.254083 2772.254083 2048.000000 1536.000000
141 PINHOLE 4096 3072 2765.172403 2765.172403 2048.000000 1536.000000
142 PINHOLE 4096 3072 2767.604091 2767.604091 2048.000000 1536.000000
143 PINHOLE 4096 3072 2762.220146 2762.220146 2048.000000 1536.000000
144 PINHOLE 4096 3072 2766.697314 2766.697314 2048.000000 1536.000000
145 PINHOLE 4096 3072 2769.442053 2769.442053 2048.000000 1536.000000
146 PINHOLE 4096 3072 2766.842182 2766.842182 2048.000000 1536.000000
147 PINHOLE 4096 3072 2768.517492 2768.517492 2048.000000 1536.000000
148 PINHOLE 4096 3072 2769.431496 2769.431496 2048.000000 1536.000000
149 PINHOLE 4096 3072 2770.346103 2770.346103 2048.000000 1536.000000
150 PINHOLE 4096 3072 2769.507916 2769.507916 2048.000000 1536.000000
151 PINHOLE 4096 3072 2787.839149 2787.839149 2048.000000 1536.000000
152 PINHOLE 4096 3072 2781.216390 2781.216390 2048.000000 1536.000000
153 PINHOLE 4096 3072 2807.519075 2807.519075 2048.000000 1536.000000
154 PINHOLE 4096 3072 2773.471295 2773.471295 2048.000000 1536.000000
155 PINHOLE 4096 3072 2769.508320 2769.508320 2048.000000 1536.000000
156 PINHOLE 4096 3072 2771.493475 2771.493475 2048.000000 1536.000000
157 PINHOLE 4096 3072 2760.466619 2760.466619 2048.000000 1536.000000
158 PINHOLE 4096 3072 2764.875945 2764.875945 2048.000000 1536.000000
159 PINHOLE 4096 3072 2788.313554 2788.313554 2048.000000 1536.000000
160 PINHOLE 4096 3072 2788.765957 2788.765957 2048.000000 1536.000000
161 PINHOLE 4096 3072 2792.711777 2792.711777 2048.000000 1536.000000
162 PINHOLE 4096 3072 2789.693382 2789.693382 2048.000000 1536.000000
163 PINHOLE 4096 3072 2783.214333 2783.214333 2048.000000 1536.000000
164 PINHOLE 4096 3072 2821.835679 2821.835679 2048.000000 1536.000000
165 PINHOLE 4096 3072 2826.500372 2826.500372 2048.000000 1536.000000
166 PINHOLE 4096 3072 2794.396226 2794.396226 2048.000000 1536.000000
167 PINHOLE 4096 3072 2785.987380 2785.987380 2048.000000 1536.000000
168 PINHOLE 4096 3072 2785.371182 2785.371182 2048.000000 1536.000000
169 PINHOLE 4096 3072 2777.684768 2777.684768 2048.000000 1536.000000
170 PINHOLE 4096 3072 2823.496466 2823.496466 2048.000000 1536.000000
171 PINHOLE 4096 3072 2797.360035 2797.360035 2048.000000 1536.000000
172 PINHOLE 4096 3072 2821.763460 2821.763460 2048.000000 1536.000000
173 PINHOLE 4096 3072 2792.157724 2792.157724 2048.000000 1536.000000
174 PINHOLE 4096 3072 2791.550083 2791.550083 2048.000000 1536.000000
175 PINHOLE 4096 3072 2842.154449 2842.154449 2048.000000 1536.000000
176 PINHOLE 4096 3072 2879.939046 2879.939046 2048.000000 1536.000000
177 PINHOLE 4096 3072 2823.496466 2823.496466 2048.000000 1536.000000
178 PINHOLE 4096 3072 2777.304753 2777.304753 2048.000000 1536.000000
179 PINHOLE 4096 3072 2777.684768 2777.684768 2048.000000 1536.000000
180 PINHOLE 4096 3072 2797.289514 2797.289514 2048.000000 1536.000000
181 PINHOLE 4096 3072 2785.215768 2785.215768 2048.000000 1536.000000
182 PINHOLE 4096 3072 2778.604836 2778.604836 2048.000000 1536.000000
183 PINHOLE 4096 3072 2775.536652 2775.536652 2048.000000 1536.000000
184 PINHOLE 4096 3072 2785.062417 2785.062417 2048.000000 1536.000000
185 PINHOLE 4096 3072 2799.935915 2799.935915 2048.000000 1536.000000
186 PINHOLE 4096 3072 2908.931597 2908.931597 2048.000000 1536.000000
187 PINHOLE 4096 3072 2805.554515 2805.554515 2048.000000 1536.000000
188 PINHOLE 4096 3072 2810.566326 2810.566326 2048.000000 1536.000000
189 PINHOLE 4096 3072 2796.322678 2796.322678 2048.000000 1536.000000
190 PINHOLE 4096 3072 2794.693883 2794.693883 2048.000000 1536.000000
191 PINHOLE 4096 3072 2809.312793 2809.312793 2048.000000 1536.000000
192 PINHOLE 4096 3072 2784.253269 2784.253269 2048.000000 1536.000000
193 PINHOLE 4096 3072 2836.126529 2836.126529 2048.000000 1536.000000
194 PINHOLE 4096 3072 2776.928459 2776.928459 2048.000000 1536.000000
195 PINHOLE 4096 3072 2783.422905 2783.422905 2048.000000 1536.000000
196 PINHOLE 4096 3072 2801.038104 2801.038104 2048.000000 1536.000000
197 PINHOLE 4096 3072 2798.068045 2798.068045 2048.000000 1536.000000
198 PINHOLE 4096 3072 2783.552913 2783.552913 2048.000000 1536.000000
199 PINHOLE 4096 3072 2842.471682 2842.471682 2048.000000 1536.000000
200 PINHOLE 4096 3072 2752.167979 2752.167979 2048.000000 1536.000000
201 PINHOLE 4096 3072 2789.693382 2789.693382 2048.000000 1536.000000
202 PINHOLE 4096 3072 2752.174869 2752.174869 2048.000000 1536.000000
203 PINHOLE 4096 3072 2754.972562 2754.972562 2048.000000 1536.000000
204 PINHOLE 4096 3072 2783.249168 2783.249168 2048.000000 1536.000000
205 PINHOLE 4096 3072 2784.138068 2784.138068 2048.000000 1536.000000
206 PINHOLE 4096 3072 2773.545149 2773.545149 2048.000000 1536.000000
207 PINHOLE 4096 3072 2807.709923 2807.709923 2048.000000 1536.000000
208 PINHOLE 4096 3072 2803.121048 2803.121048 2048.000000 1536.000000
209 PINHOLE 4096 3072 2777.412250 2777.412250 2048.000000 1536.000000
210 PINHOLE 4096 3072 2786.912957 2786.912957 2048.000000 1536.000000
211 PINHOLE 4096 3072 2801.205257 2801.205257 2048.000000 1536.000000
212 PINHOLE 4096 3072 2750.551692 2750.551692 2048.000000 1536.000000
213 PINHOLE 4096 3072 2764.867502 2764.867502 2048.000000 1536.000000
214 PINHOLE 4096 3072 2760.327495 2760.327495 2048.000000 1536.000000
215 PINHOLE 4096 3072 2763.956507 2763.956507 2048.000000 1536.000000
216 PINHOLE 4096 3072 2759.410526 2759.410526 2048.000000 1536.000000
217 PINHOLE 4096 3072 2762.136319 2762.136319 2048.000000 1536.000000
218 PINHOLE 4096 3072 2773.093554 2773.093554 2048.000000 1536.000000
219 PINHOLE 4096 3072 2807.914341 2807.914341 2048.000000 1536.000000
220 PINHOLE 4096 3072 2787.046797 2787.046797 2048.000000 1536.000000
221 PINHOLE 4096 3072 2784.395211 2784.395211 2048.000000 1536.000000
222 PINHOLE 4096 3072 2764.867502 2764.867502 2048.000000 1536.000000
223 PINHOLE 4096 3072 2764.867502 2764.867502 2048.000000 1536.000000
224 PINHOLE 4096 3072 2765.016231 2765.016231 2048.000000 1536.000000
225 PINHOLE 4096 3072 2795.270910 2795.270910 2048.000000 1536.000000
226 PINHOLE 4096 3072 2783.214333 2783.214333 2048.000000 1536.000000
227 PINHOLE 4096 3072 2836.478137 2836.478137 2048.000000 1536.000000
228 PINHOLE 4096 3072 2817.805845 2817.805845 2048.000000 1536.000000
229 PINHOLE 4096 3072 2848.423769 2848.423769 2048.000000 1536.000000
230 PINHOLE 4096 3072 2795.503791 2795.503791 2048.000000 1536.000000
231 PINHOLE 4096 3072 2765.068817 2765.068817 2048.000000 1536.000000
232 PINHOLE 4096 3072 2789.693382 2789.693382 2048.000000 1536.000000
233 PINHOLE 4096 3072 2788.842527 2788.842527 2048.000000 1536.000000
234 PINHOLE 4096 3072 2801.147473 2801.147473 2048.000000 1536.000000
235 PINHOLE 4096 3072 2788.530739 2788.530739 2048.000000 1536.000000
236 PINHOLE 4096 3072 2811.744368 2811.744368 2048.000000 1536.000000
237 PINHOLE 4096 3072 2809.312793 2809.312793 2048.000000 1536.000000
238 PINHOLE 4096 3072 2787.068303 2787.068303 2048.000000 1536.000000
239 PINHOLE 4096 3072 2779.838335 2779.838335 2048.000000 1536.000000
240 PINHOLE 4096 3072 2797.213212 2797.213212 2048.000000 1536.000000
241 PINHOLE 4096 3072 2789.693382 2789.693382 2048.000000 1536.000000
242 PINHOLE 4096 3072 2889.963717 2889.963717 2048.000000 1536.000000
243 PINHOLE 4096 3072 2797.135045 2797.135045 2048.000000 1536.000000
244 PINHOLE 4096 3072 2793.587525 2793.587525 2048.000000 1536.000000
245 PINHOLE 4096 3072 2798.068045 2798.068045 2048.000000 1536.000000
246 PINHOLE 4096 3072 2811.702281 2811.702281 2048.000000 1536.000000
247 PINHOLE 4096 3072 2783.444673 2783.444673 2048.000000 1536.000000
248 PINHOLE 4096 3072 2792.479361 2792.479361 2048.000000 1536.000000
249 PINHOLE 4096 3072 2788.997833 2788.997833 2048.000000 1536.000000
250 PINHOLE 4096 3072 2781.368700 2781.368700 2048.000000 1536.000000
251 PINHOLE 4096 3072 2784.366113 2784.366113 2048.000000 1536.000000
252 PINHOLE 4096 3072 2796.439368 2796.439368 2048.000000 1536.000000
253 PINHOLE 4096 3072 2787.922122 2787.922122 2048.000000 1536.000000
254 PINHOLE 4096 3072 2793.409257 2793.409257 2048.000000 1536.000000
255 PINHOLE 4096 3072 2793.872119 2793.872119 2048.000000 1536.000000
256 PINHOLE 4096 3072 2790.630667 2790.630667 2048.000000 1536.000000
257 PINHOLE 4096 3072 2799.001668 2799.001668 2048.000000 1536.000000
258 PINHOLE 4096 3072 2840.707078 2840.707078 2048.000000 1536.000000
259 PINHOLE 4096 3072 2767.604091 2767.604091 2048.000000 1536.000000
260 PINHOLE 4096 3072 2768.587080 2768.587080 2048.000000 1536.000000
261 PINHOLE 4096 3072 2772.177132 2772.177132 2048.000000 1536.000000
262 PINHOLE 4096 3072 2771.261315 2771.261315 2048.000000 1536.000000
263 PINHOLE 4096 3072 2764.254486 2764.254486 2048.000000 1536.000000
264 PINHOLE 4096 3072 2761.756064 2761.756064 2048.000000 1536.000000
265 PINHOLE 4096 3072 2762.136319 2762.136319 2048.000000 1536.000000
266 PINHOLE 4096 3072 2762.136319 2762.136319 2048.000000 1536.000000
267 PINHOLE 4096 3072 2758.503124 2758.503124 2048.000000 1536.000000
268 PINHOLE 4096 3072 2763.046113 2763.046113 2048.000000 1536.000000
269 PINHOLE 4096 3072 2761.378115 2761.378115 2048.000000 1536.000000
270 PINHOLE 4096 3072 2782.605370 2782.605370 2048.000000 1536.000000
271 PINHOLE 4096 3072 2765.779097 2765.779097 2048.000000 1536.000000
272 PINHOLE 4096 3072 2767.604091 2767.604091 2048.000000 1536.000000
273 PINHOLE 4096 3072 2779.525514 2779.525514 2048.000000 1536.000000
274 PINHOLE 4096 3072 2758.510295 2758.510295 2048.000000 1536.000000
275 PINHOLE 4096 3072 2806.025162 2806.025162 2048.000000 1536.000000
276 PINHOLE 4096 3072 2789.081712 2789.081712 2048.000000 1536.000000
277 PINHOLE 4096 3072 2795.739357 2795.739357 2048.000000 1536.000000
278 PINHOLE 4096 3072 2776.765310 2776.765310 2048.000000 1536.000000
279 PINHOLE 4096 3072 2774.148951 2774.148951 2048.000000 1536.000000
280 PINHOLE 4096 3072 2769.431496 2769.431496 2048.000000 1536.000000
281 PINHOLE 4096 3072 2776.839393 2776.839393 2048.000000 1536.000000
282 PINHOLE 4096 3072 2767.604091 2767.604091 2048.000000 1536.000000
283 PINHOLE 4096 3072 2774.928217 2774.928217 2048.000000 1536.000000
284 PINHOLE 4096 3072 2768.517492 2768.517492 2048.000000 1536.000000
285 PINHOLE 4096 3072 2788.765957 2788.765957 2048.000000 1536.000000
286 PINHOLE 4096 3072 2773.477493 2773.477493 2048.000000 1536.000000
287 PINHOLE 4096 3072 2770.728502 2770.728502 2048.000000 1536.000000
288 PINHOLE 4096 3072 2764.867502 2764.867502 2048.000000 1536.000000
289 PINHOLE 4096 3072 2767.604091 2767.604091 2048.000000 1536.000000
290 PINHOLE 4096 3072 2772.020560 2772.020560 2048.000000 1536.000000
291 PINHOLE 4096 3072 2764.867502 2764.867502 2048.000000 1536.000000
292 PINHOLE 4096 3072 2767.604091 2767.604091 2048.000000 1536.000000
293 PINHOLE 4096 3072 2793.409257 2793.409257 2048.000000 1536.000000
294 PINHOLE 4096 3072 2783.748779 2783.748779 2048.000000 1536.000000
295 PINHOLE 4096 3072 2797.135045 2797.135045 2048.000000 1536.000000
296 PINHOLE 4096 3072 2791.550083 2791.550083 2048.000000 1536.000000
297 PINHOLE 4096 3072 2794.578563 2794.578563 2048.000000 1536.000000
298 PINHOLE 4096 3072 2791.934973 2791.934973 2048.000000 1536.000000
299 PINHOLE 4096 3072 2774.392628 2774.392628 2048.000000 1536.000000
300 PINHOLE 4096 3072 2787.916719 2787.916719 2048.000000 1536.000000
301 PINHOLE 4096 3072 2785.388190 2785.388190 2048.000000 1536.000000
302 PINHOLE 4096 3072 2780.603261 2780.603261 2048.000000 1536.000000
303 PINHOLE 4096 3072 2782.749335 2782.749335 2048.000000 1536.000000
304 PINHOLE 4096 3072 2778.763466 2778.763466 2048.000000 1536.000000
305 PINHOLE 4096 3072 2780.446801 2780.446801 2048.000000 1536.000000
306 PINHOLE 4096 3072 2797.143762 2797.143762 2048.000000 1536.000000
307 PINHOLE 4096 3072 2775.846459 2775.846459 2048.000000 1536.000000
308 PINHOLE 4096 3072 2976.794890 2976.794890 2048.000000 1536.000000
309 PINHOLE 4096 3072 2879.714384 2879.714384 2048.000000 1536.000000
310 PINHOLE 4096 3072 2794.411329 2794.411329 2048.000000 1536.000000
311 PINHOLE 4096 3072 2774.544482 2774.544482 2048.000000 1536.000000
312 PINHOLE 4096 3072 2797.135045 2797.135045 2048.000000 1536.000000
313 PINHOLE 4096 3072 2816.508700 2816.508700 2048.000000 1536.000000
314 PINHOLE 4096 3072 2754.879475 2754.879475 2048.000000 1536.000000
315 PINHOLE 4096 3072 2724.458590 2724.458590 2048.000000 1536.000000
316 PINHOLE 4096 3072 2775.016740 2775.016740 2048.000000 1536.000000
317 PINHOLE 4096 3072 2757.596318 2757.596318 2048.000000 1536.000000
318 PINHOLE 4096 3072 2755.340818 2755.340818 2048.000000 1536.000000
319 PINHOLE 4096 3072 2822.633210 2822.633210 2048.000000 1536.000000
320 PINHOLE 4096 3072 2873.795135 2873.795135 2048.000000 1536.000000
321 PINHOLE 4096 3072 2810.576184 2810.576184 2048.000000 1536.000000
322 PINHOLE 4096 3072 2822.546433 2822.546433 2048.000000 1536.000000
323 PINHOLE 4096 3072 2772.532599 2772.532599 2048.000000 1536.000000
324 PINHOLE 4096 3072 2779.833665 2779.833665 2048.000000 1536.000000
325 PINHOLE 4096 3072 2752.647199 2752.647199 2048.000000 1536.000000
326 PINHOLE 4096 3072 2776.765310 2776.765310 2048.000000 1536.000000
327 PINHOLE 4096 3072 2776.778084 2776.778084 2048.000000 1536.000000
328 PINHOLE 4096 3072 2775.014201 2775.014201 2048.000000 1536.000000
329 PINHOLE 4096 3072 2756.056806 2756.056806 2048.000000 1536.000000
330 PINHOLE 4096 3072 2749.929068 2749.929068 2048.000000 1536.000000
331 PINHOLE 4096 3072 2751.824624 2751.824624 2048.000000 1536.000000
332 PINHOLE 4096 3072 2776.765310 2776.765310 2048.000000 1536.000000
333 PINHOLE 4096 3072 2774.010582 2774.010582 2048.000000 1536.000000
334 PINHOLE 4096 3072 2774.988190 2774.988190 2048.000000 1536.000000
335 PINHOLE 4096 3072 2799.935915 2799.935915 2048.000000 1536.000000
336 PINHOLE 4096 3072 2795.270910 2795.270910 2048.000000 1536.000000
337 PINHOLE 4096 3072 2774.010582 2774.010582 2048.000000 1536.000000
338 PINHOLE 4096 3072 2792.747673 2792.747673 2048.000000 1536.000000
339 PINHOLE 4096 3072 2794.586498 2794.586498 2048.000000 1536.000000
340 PINHOLE 4096 3072 2756.690108 2756.690108 2048.000000 1536.000000
341 PINHOLE 4096 3072 2803.917421 2803.917421 2048.000000 1536.000000
342 PINHOLE 4096 3072 2878.800474 2878.800474 2048.000000 1536.000000
343 PINHOLE 4096 3072 2758.981990 2758.981990 2048.000000 1536.000000
344 PINHOLE 4096 3072 2772.177132 2772.177132 2048.000000 1536.000000
345 PINHOLE 4096 3072 2750.363279 2750.363279 2048.000000 1536.000000
346 PINHOLE 4096 3072 2764.431786 2764.431786 2048.000000 1536.000000
347 PINHOLE 4096 3072 2791.855666 2791.855666 2048.000000 1536.000000
348 PINHOLE 4096 3072 2764.487448 2764.487448 2048.000000 1536.000000
349 PINHOLE 4096 3072 2826.904640 2826.904640 2048.000000 1536.000000
350 PINHOLE 4096 3072 2570.039216 2570.039216 2048.000000 1536.000000
351 PINHOLE 4096 3072 2610.216677 2610.216677 2048.000000 1536.000000
352 PINHOLE 4096 3072 2781.368700 2781.368700 2048.000000 1536.000000
353 PINHOLE 4096 3072 2774.010582 2774.010582 2048.000000 1536.000000
354 PINHOLE 4096 3072 2757.079601 2757.079601 2048.000000 1536.000000
355 PINHOLE 4096 3072 2776.298237 2776.298237 2048.000000 1536.000000
356 PINHOLE 4096 3072 2800.870785 2800.870785 2048.000000 1536.000000
357 PINHOLE 4096 3072 2764.258101 2764.258101 2048.000000 1536.000000
358 PINHOLE 4096 3072 2758.663351 2758.663351 2048.000000 1536.000000
359 PINHOLE 4096 3072 2791.694776 2791.694776 2048.000000 1536.000000
360 PINHOLE 4096 3072 2775.234230 2775.234230 2048.000000 1536.000000
361 PINHOLE 4096 3072 2830.369408 2830.369408 2048.000000 1536.000000
362 PINHOLE 4096 3072 2907.202866 2907.202866 2048.000000 1536.000000
363 PINHOLE 4096 3072 2820.734393 2820.734393 2048.000000 1536.000000
364 PINHOLE 4096 3072 2780.816887 2780.816887 2048.000000 1536.000000
365 PINHOLE 4096 3072 2785.987380 2785.987380 2048.000000 1536.000000
366 PINHOLE 4096 3072 2799.935915 2799.935915 2048.000000 1536.000000
367 PINHOLE 4096 3072 3131.482842 3131.482842 2048.000000 1536.000000
368 PINHOLE 4096 3072 2778.604836 2778.604836 2048.000000 1536.000000
369 PINHOLE 4096 3072 2743.484260 2743.484260 2048.000000 1536.000000
370 PINHOLE 4096 3072 2798.068045 2798.068045 2048.000000 1536.000000
371 PINHOLE 4096 3072 2796.514325 2796.514325 2048.000000 1536.000000
372 PINHOLE 4096 3072 2841.020199 2841.020199 2048.000000 1536.000000
373 PINHOLE 4096 3072 2781.595380 2781.595380 2048.000000 1536.000000
374 PINHOLE 4096 3072 2795.270910 2795.270910 2048.000000 1536.000000
375 PINHOLE 4096 3072 2788.765957 2788.765957 2048.000000 1536.000000
376 PINHOLE 4096 3072 2782.598442 2782.598442 2048.000000 1536.000000
377 PINHOLE 4096 3072 2789.793105 2789.793105 2048.000000 1536.000000
378 PINHOLE 4096 3072 2794.638040 2794.638040 2048.000000 1536.000000
379 PINHOLE 4096 3072 2790.621424 2790.621424 2048.000000 1536.000000
380 PINHOLE 4096 3072 2794.354667 2794.354667 2048.000000 1536.000000
381 PINHOLE 4096 3072 2763.956507 2763.956507 2048.000000 1536.000000
382 PINHOLE 4096 3072 2767.604091 2767.604091 2048.000000 1536.000000
383 PINHOLE 4096 3072 2760.318526 2760.318526 2048.000000 1536.000000
384 PINHOLE 4096 3072 2773.480171 2773.480171 2048.000000 1536.000000
385 PINHOLE 4096 3072 2772.329372 2772.329372 2048.000000 1536.000000
386 PINHOLE 4096 3072 2763.125633 2763.125633 2048.000000 1536.000000
387 PINHOLE 4096 3072 2771.261315 2771.261315 2048.000000 1536.000000
388 PINHOLE 4096 3072 2765.930837 2765.930837 2048.000000 1536.000000
389 PINHOLE 4096 3072 2764.943145 2764.943145 2048.000000 1536.000000
390 PINHOLE 4096 3072 2780.600052 2780.600052 2048.000000 1536.000000
391 PINHOLE 4096 3072 2790.621424 2790.621424 2048.000000 1536.000000
392 PINHOLE 4096 3072 2806.563888 2806.563888 2048.000000 1536.000000
393 PINHOLE 4096 3072 4929.181928 4929.181928 2048.000000 1536.000000
394 PINHOLE 4096 3072 2904.642659 2904.642659 2048.000000 1536.000000
395 PINHOLE 4096 3072 2778.140623 2778.140623 2048.000000 1536.000000
396 PINHOLE 4096 3072 2772.177132 2772.177132 2048.000000 1536.000000
397 PINHOLE 4096 3072 2786.371582 2786.371582 2048.000000 1536.000000
398 PINHOLE 4096 3072 2787.839149 2787.839149 2048.000000 1536.000000
399 PINHOLE 4096 3072 2773.093554 2773.093554 2048.000000 1536.000000
400 PINHOLE 4096 3072 2769.509130 2769.509130 2048.000000 1536.000000
401 PINHOLE 4096 3072 2821.597040 2821.597040 2048.000000 1536.000000
402 PINHOLE 4096 3072 2782.299458 2782.299458 2048.000000 1536.000000
403 PINHOLE 4096 3072 2803.679144 2803.679144 2048.000000 1536.000000
404 PINHOLE 4096 3072 2787.146062 2787.146062 2048.000000 1536.000000
405 PINHOLE 4096 3072 2783.535031 2783.535031 2048.000000 1536.000000
406 PINHOLE 4096 3072 2729.778067 2729.778067 2048.000000 1536.000000
407 PINHOLE 4096 3072 2730.057521 2730.057521 2048.000000 1536.000000
408 PINHOLE 4096 3072 2746.760969 2746.760969 2048.000000 1536.000000
409 PINHOLE 4096 3072 2764.033545 2764.033545 2048.000000 1536.000000
410 PINHOLE 4096 3072 2760.318526 2760.318526 2048.000000 1536.000000
411 PINHOLE 4096 3072 2786.912957 2786.912957 2048.000000 1536.000000
412 PINHOLE 4096 3072 2742.613964 2742.613964 2048.000000 1536.000000
413 PINHOLE 4096 3072 2758.064544 2758.064544 2048.000000 1536.000000
414 PINHOLE 4096 3072 2757.711063 2757.711063 2048.000000 1536.000000
415 PINHOLE 4096 3072 2774.403606 2774.403606 2048.000000 1536.000000
416 PINHOLE 4096 3072 2772.228897 2772.228897 2048.000000 1536.000000
417 PINHOLE 4096 3072 2761.227123 2761.227123 2048.000000 1536.000000
418 PINHOLE 4096 3072 2764.867502 2764.867502 2048.000000 1536.000000
419 PINHOLE 4096 3072 2724.482789 2724.482789 2048.000000 1536.000000
420 PINHOLE 4096 3072 2752.167979 2752.167979 2048.000000 1536.000000
421 PINHOLE 4096 3072 2786.359189 2786.359189 2048.000000 1536.000000
422 PINHOLE 4096 3072 2766.691293 2766.691293 2048.000000 1536.000000
423 PINHOLE 4096 3072 2773.093554 2773.093554 2048.000000 1536.000000
424 PINHOLE 4096 3072 2844.560190 2844.560190 2048.000000 1536.000000
425 PINHOLE 4096 3072 2850.699064 2850.699064 2048.000000 1536.000000
426 PINHOLE 4096 3072 2802.742399 2802.742399 2048.000000 1536.000000
427 PINHOLE 4096 3072 2799.935915 2799.935915 2048.000000 1536.000000
428 PINHOLE 4096 3072 2783.528334 2783.528334 2048.000000 1536.000000
429 PINHOLE 4096 3072 2857.155313 2857.155313 2048.000000 1536.000000
430 PINHOLE 4096 3072 2811.731428 2811.731428 2048.000000 1536.000000
431 PINHOLE 4096 3072 2775.992489 2775.992489 2048.000000 1536.000000
432 PINHOLE 4096 3072 2799.001668 2799.001668 2048.000000 1536.000000
433 PINHOLE 4096 3072 2883.864252 2883.864252 2048.000000 1536.000000
434 PINHOLE 4096 3072 2789.206625 2789.206625 2048.000000 1536.000000
435 PINHOLE 4096 3072 2786.456094 2786.456094 2048.000000 1536.000000
436 PINHOLE 4096 3072 2862.282485 2862.282485 2048.000000 1536.000000
437 PINHOLE 4096 3072 2834.946942 2834.946942 2048.000000 1536.000000
438 PINHOLE 4096 3072 2759.410526 2759.410526 2048.000000 1536.000000
439 PINHOLE 4096 3072 2778.990155 2778.990155 2048.000000 1536.000000
440 PINHOLE 4096 3072 2858.128790 2858.128790 2048.000000 1536.000000
441 PINHOLE 4096 3072 2915.748349 2915.748349 2048.000000 1536.000000
442 PINHOLE 4096 3072 2794.339773 2794.339773 2048.000000 1536.000000
443 PINHOLE 4096 3072 2779.525514 2779.525514 2048.000000 1536.000000
444 PINHOLE 4096 3072 2835.905341 2835.905341 2048.000000 1536.000000
445 PINHOLE 4096 3072 2814.024824 2814.024824 2048.000000 1536.000000
446 PINHOLE 4096 3072 2786.912957 2786.912957 2048.000000 1536.000000
447 PINHOLE 4096 3072 2755.784494 2755.784494 2048.000000 1536.000000
448 PINHOLE 4096 3072 2705.129958 2705.129958 2048.000000 1536.000000
449 PINHOLE 4096 3072 2763.117571 2763.117571 2048.000000 1536.000000
450 PINHOLE 4096 3072 2768.517492 2768.517492 2048.000000 1536.000000
451 PINHOLE 4096 3072 2760.543010 2760.543010 2048.000000 1536.000000
452 PINHOLE 4096 3072 2772.914075 2772.914075 2048.000000 1536.000000
453 PINHOLE 4096 3072 2770.346103 2770.346103 2048.000000 1536.000000
454 PINHOLE 4096 3072 2781.470730 2781.470730 2048.000000 1536.000000
455 PINHOLE 4096 3072 2781.368700 2781.368700 2048.000000 1536.000000
456 PINHOLE 4096 3072 2754.879475 2754.879475 2048.000000 1536.000000
457 PINHOLE 4096 3072 2759.903686 2759.903686 2048.000000 1536.000000
458 PINHOLE 4096 3072 2763.956507 2763.956507 2048.000000 1536.000000
459 PINHOLE 4096 3072 2757.625211 2757.625211 2048.000000 1536.000000
460 PINHOLE 4096 3072 2752.167979 2752.167979 2048.000000 1536.000000
461 PINHOLE 4096 3072 2825.794007 2825.794007 2048.000000 1536.000000
462 PINHOLE 4096 3072 2785.062417 2785.062417 2048.000000 1536.000000
463 PINHOLE 4096 3072 2791.550083 2791.550083 2048.000000 1536.000000
464 PINHOLE 4096 3072 2776.765310 2776.765310 2048.000000 1536.000000
465 PINHOLE 4096 3072 2774.010582 2774.010582 2048.000000 1536.000000
466 PINHOLE 4096 3072 2763.046113 2763.046113 2048.000000 1536.000000
467 PINHOLE 4096 3072 2773.148402 2773.148402 2048.000000 1536.000000
468 PINHOLE 4096 3072 2772.177132 2772.177132 2048.000000 1536.000000
469 PINHOLE 4096 3072 2764.181207 2764.181207 2048.000000 1536.000000
470 PINHOLE 4096 3072 2763.046113 2763.046113 2048.000000 1536.000000
471 PINHOLE 4096 3072 2713.003881 2713.003881 2048.000000 1536.000000
472 PINHOLE 4096 3072 2712.126738 2712.126738 2048.000000 1536.000000
473 PINHOLE 4096 3072 2699.906019 2699.906019 2048.000000 1536.000000
474 PINHOLE 4096 3072 2796.202667 2796.202667 2048.000000 1536.000000
475 PINHOLE 4096 3072 2816.859637 2816.859637 2048.000000 1536.000000
476 PINHOLE 4096 3072 2811.887522 2811.887522 2048.000000 1536.000000
477 PINHOLE 4096 3072 2797.135045 2797.135045 2048.000000 1536.000000
478 PINHOLE 4096 3072 2913.752826 2913.752826 2048.000000 1536.000000
479 PINHOLE 4096 3072 2776.765310 2776.765310 2048.000000 1536.000000
480 PINHOLE 4096 3072 2793.560695 2793.560695 2048.000000 1536.000000
481 PINHOLE 4096 3072 2792.563984 2792.563984 2048.000000 1536.000000
482 PINHOLE 4096 3072 2859.102931 2859.102931 2048.000000 1536.000000
483 PINHOLE 4096 3072 2810.253936 2810.253936 2048.000000 1536.000000
484 PINHOLE 4096 3072 2819.443584 2819.443584 2048.000000 1536.000000
485 PINHOLE 4096 3072 2815.599227 2815.599227 2048.000000 1536.000000
486 PINHOLE 4096 3072 2775.518098 2775.518098 2048.000000 1536.000000
487 PINHOLE 4096 3072 2777.938804 2777.938804 2048.000000 1536.000000
488 PINHOLE 4096 3072 2816.935311 2816.935311 2048.000000 1536.000000
489 PINHOLE 4096 3072 2859.102931 2859.102931 2048.000000 1536.000000
490 PINHOLE 4096 3072 2955.816772 2955.816772 2048.000000 1536.000000
491 PINHOLE 4096 3072 2776.076115 2776.076115 2048.000000 1536.000000
492 PINHOLE 4096 3072 2803.757757 2803.757757 2048.000000 1536.000000
493 PINHOLE 4096 3072 2833.032084 2833.032084 2048.000000 1536.000000
494 PINHOLE 4096 3072 2835.414544 2835.414544 2048.000000 1536.000000
495 PINHOLE 4096 3072 2808.894852 2808.894852 2048.000000 1536.000000
496 PINHOLE 4096 3072 2781.387089 2781.387089 2048.000000 1536.000000
497 PINHOLE 4096 3072 2785.993824 2785.993824 2048.000000 1536.000000
498 PINHOLE 4096 3072 2780.678211 2780.678211 2048.000000 1536.000000
499 PINHOLE 4096 3072 2777.684768 2777.684768 2048.000000 1536.000000
500 PINHOLE 4096 3072 2869.862470 2869.862470 2048.000000 1536.000000
501 PINHOLE 4096 3072 2805.165176 2805.165176 2048.000000 1536.000000
502 PINHOLE 4096 3072 2770.346103 2770.346103 2048.000000 1536.000000
503 PINHOLE 4096 3072 2822.673279 2822.673279 2048.000000 1536.000000
504 PINHOLE 4096 3072 2690.185798 2690.185798 2048.000000 1536.000000
505 PINHOLE 4096 3072 2724.458590 2724.458590 2048.000000 1536.000000
506 PINHOLE 4096 3072 2765.779097 2765.779097 2048.000000 1536.000000
507 PINHOLE 4096 3072 2766.757179 2766.757179 2048.000000 1536.000000
508 PINHOLE 4096 3072 2766.771960 2766.771960 2048.000000 1536.000000
509 PINHOLE 4096 3072 2771.500991 2771.500991 2048.000000 1536.000000
510 PINHOLE 4096 3072 2860.077736 2860.077736 2048.000000 1536.000000
511 PINHOLE 4096 3072 2764.867502 2764.867502 2048.000000 1536.000000
512 PINHOLE 4096 3072 2782.831792 2782.831792 2048.000000 1536.000000
513 PINHOLE 4096 3072 2936.253893 2936.253893 2048.000000 1536.000000
514 PINHOLE 4096 3072 2843.790446 2843.790446 2048.000000 1536.000000
515 PINHOLE 4096 3072 2815.914065 2815.914065 2048.000000 1536.000000
516 PINHOLE 4096 3072 2819.888979 2819.888979 2048.000000 1536.000000
517 PINHOLE 4096 3072 2753.117885 2753.117885 2048.000000 1536.000000
518 PINHOLE 4096 3072 2749.963866 2749.963866 2048.000000 1536.000000
519 PINHOLE 4096 3072 2815.914065 2815.914065 2048.000000 1536.000000
520 PINHOLE 4096 3072 2789.693382 2789.693382 2048.000000 1536.000000
521 PINHOLE 4096 3072 2763.978105 2763.978105 2048.000000 1536.000000
522 PINHOLE 4096 3072 2769.431496 2769.431496 2048.000000 1536.000000
523 PINHOLE 4096 3072 2792.554114 2792.554114 2048.000000 1536.000000
524 PINHOLE 4096 3072 2768.517492 2768.517492 2048.000000 1536.000000
525 PINHOLE 4096 3072 2765.779097 2765.779097 2048.000000 1536.000000
526 PINHOLE 4096 3072 2743.168084 2743.168084 2048.000000 1536.000000
527 PINHOLE 4096 3072 2750.767235 2750.767235 2048.000000 1536.000000
528 PINHOLE 4096 3072 2745.861866 2745.861866 2048.000000 1536.000000
529 PINHOLE 4096 3072 2799.935915 2799.935915 2048.000000 1536.000000
530 PINHOLE 4096 3072 2799.492117 2799.492117 2048.000000 1536.000000
531 PINHOLE 4096 3072 2879.714384 2879.714384 2048.000000 1536.000000
532 PINHOLE 4096 3072 2776.765310 2776.765310 2048.000000 1536.000000
533 PINHOLE 4096 3072 2787.372905 2787.372905 2048.000000 1536.000000
534 PINHOLE 4096 3072 2816.859637 2816.859637 2048.000000 1536.000000
535 PINHOLE 4096 3072 2811.530744 2811.530744 2048.000000 1536.000000
536 PINHOLE 4096 3072 2832.504741 2832.504741 2048.000000 1536.000000
537 PINHOLE 4096 3072 2836.864390 2836.864390 2048.000000 1536.000000
538 PINHOLE 4096 3072 2774.010582 2774.010582 2048.000000 1536.000000
539 PINHOLE 4096 3072 2784.455936 2784.455936 2048.000000 1536.000000
540 PINHOLE 4096 3072 3209.591500 3209.591500 2048.000000 1536.000000
541 PINHOLE 4096 3072 3574.183213 3574.183213 2048.000000 1536.000000
542 PINHOLE 4096 3072 2789.693382 2789.693382 2048.000000 1536.000000
543 PINHOLE 4096 3072 2791.550083 2791.550083 2048.000000 1536.000000
544 PINHOLE 4096 3072 2895.713908 2895.713908 2048.000000 1536.000000
545 PINHOLE 4096 3072 2874.943234 2874.943234 2048.000000 1536.000000
546 PINHOLE 4096 3072 2776.765310 2776.765310 2048.000000 1536.000000
547 PINHOLE 4096 3072 2801.363188 2801.363188 2048.000000 1536.000000
548 PINHOLE 4096 3072 2795.270910 2795.270910 2048.000000 1536.000000
549 PINHOLE 4096 3072 2880.703297 2880.703297 2048.000000 1536.000000
550 PINHOLE 4096 3072 2776.846351 2776.846351 2048.000000 1536.000000
551 PINHOLE 4096 3072 2781.376130 2781.376130 2048.000000 1536.000000
552 PINHOLE 4096 3072 2835.905341 2835.905341 2048.000000 1536.000000
553 PINHOLE 4096 3072 2829.210118 2829.210118 2048.000000 1536.000000
554 PINHOLE 4096 3072 2774.928217 2774.928217 2048.000000 1536.000000
555 PINHOLE 4096 3072 2787.379971 2787.379971 2048.000000 1536.000000
556 PINHOLE 4096 3072 2780.446801 2780.446801 2048.000000 1536.000000
557 PINHOLE 4096 3072 2779.931987 2779.931987 2048.000000 1536.000000
558 PINHOLE 4096 3072 2821.935830 2821.935830 2048.000000 1536.000000
559 PINHOLE 4096 3072 2858.546817 2858.546817 2048.000000 1536.000000
560 PINHOLE 4096 3072 2770.346103 2770.346103 2048.000000 1536.000000
561 PINHOLE 4096 3072 2762.136319 2762.136319 2048.000000 1536.000000
562 PINHOLE 4096 3072 2755.784494 2755.784494 2048.000000 1536.000000
563 PINHOLE 4096 3072 2751.265333 2751.265333 2048.000000 1536.000000
564 PINHOLE 4096 3072 2729.125815 2729.125815 2048.000000 1536.000000
565 PINHOLE 4096 3072 2763.956507 2763.956507 2048.000000 1536.000000
566 PINHOLE 4096 3072 2774.928217 2774.928217 2048.000000 1536.000000
567 PINHOLE 4096 3072 2763.046113 2763.046113 2048.000000 1536.000000
568 PINHOLE 4096 3072 2774.928217 2774.928217 2048.000000 1536.000000
569 PINHOLE 4096 3072 2768.517492 2768.517492 2048.000000 1536.000000
570 PINHOLE 4096 3072 2760.318526 2760.318526 2048.000000 1536.000000
571 PINHOLE 4096 3072 2776.765310 2776.765310 2048.000000 1536.000000
572 PINHOLE 4096 3072 2747.729893 2747.729893 2048.000000 1536.000000
573 PINHOLE 4096 3072 2800.955690 2800.955690 2048.000000 1536.000000
574 PINHOLE 4096 3072 2799.697149 2799.697149 2048.000000 1536.000000
575 PINHOLE 4096 3072 2779.525514 2779.525514 2048.000000 1536.000000
576 PINHOLE 4096 3072 2828.256237 2828.256237 2048.000000 1536.000000
577 PINHOLE 4096 3072 2876.031877 2876.031877 2048.000000 1536.000000
578 PINHOLE 4096 3072 2847.532471 2847.532471 2048.000000 1536.000000
579 PINHOLE 4096 3072 2776.765310 2776.765310 2048.000000 1536.000000
580 PINHOLE 4096 3072 2714.759871 2714.759871 2048.000000 1536.000000
581 PINHOLE 4096 3072 2778.604836 2778.604836 2048.000000 1536.000000
582 PINHOLE 4096 3072 2784.138068 2784.138068 2048.000000 1536.000000
583 PINHOLE 4096 3072 2763.046113 2763.046113 2048.000000 1536.000000
584 PINHOLE 4096 3072 2768.517492 2768.517492 2048.000000 1536.000000
585 PINHOLE 4096 3072 2752.482082 2752.482082 2048.000000 1536.000000
586 PINHOLE 4096 3072 2745.861866 2745.861866 2048.000000 1536.000000
587 PINHOLE 4096 3072 2734.226858 2734.226858 2048.000000 1536.000000
588 PINHOLE 4096 3072 2773.093554 2773.093554 2048.000000 1536.000000
589 PINHOLE 4096 3072 2841.669377 2841.669377 2048.000000 1536.000000
590 PINHOLE 4096 3072 2789.772445 2789.772445 2048.000000 1536.000000
591 PINHOLE 4096 3072 2783.214333 2783.214333 2048.000000 1536.000000
592 PINHOLE 4096 3072 2780.572114 2780.572114 2048.000000 1536.000000
593 PINHOLE 4096 3072 2784.138068 2784.138068 2048.000000 1536.000000
594 PINHOLE 4096 3072 2826.514845 2826.514845 2048.000000 1536.000000
595 PINHOLE 4096 3072 2784.522067 2784.522067 2048.000000 1536.000000
596 PINHOLE 4096 3072 2796.515355 2796.515355 2048.000000 1536.000000
597 PINHOLE 4096 3072 2789.693382 2789.693382 2048.000000 1536.000000
598 PINHOLE 4096 3072 2788.765957 2788.765957 2048.000000 1536.000000
599 PINHOLE 4096 3072 2773.093554 2773.093554 2048.000000 1536.000000
600 PINHOLE 4096 3072 2773.101130 2773.101130 2048.000000 1536.000000
601 PINHOLE 4096 3072 2789.693382 2789.693382 2048.000000 1536.000000
602 PINHOLE 4096 3072 2842.632328 2842.632328 2048.000000 1536.000000
603 PINHOLE 4096 3072 2841.761287 2841.761287 2048.000000 1536.000000
604 PINHOLE 4096 3072 2833.511363 2833.511363 2048.000000 1536.000000
605 PINHOLE 4096 3072 2827.303000 2827.303000 2048.000000 1536.000000
606 PINHOLE 4096 3072 2785.987380 2785.987380 2048.000000 1536.000000
607 PINHOLE 4096 3072 2778.221933 2778.221933 2048.000000 1536.000000
608 PINHOLE 4096 3072 2835.020022 2835.020022 2048.000000 1536.000000
609 PINHOLE 4096 3072 2809.312793 2809.312793 2048.000000 1536.000000
610 PINHOLE 4096 3072 2782.291211 2782.291211 2048.000000 1536.000000
611 PINHOLE 4096 3072 2785.062417 2785.062417 2048.000000 1536.000000
612 PINHOLE 4096 3072 2801.004029 2801.004029 2048.000000 1536.000000
613 PINHOLE 4096 3072 2803.679144 2803.679144 2048.000000 1536.000000
614 PINHOLE 4096 3072 2765.779097 2765.779097 2048.000000 1536.000000
615 PINHOLE 4096 3072 2767.167931 2767.167931 2048.000000 1536.000000
616 PINHOLE 4096 3072 2737.214085 2737.214085 2048.000000 1536.000000
617 PINHOLE 4096 3072 2753.344962 2753.344962 2048.000000 1536.000000
618 PINHOLE 4096 3072 2776.839393 2776.839393 2048.000000 1536.000000
619 PINHOLE 4096 3072 2789.693382 2789.693382 2048.000000 1536.000000
620 PINHOLE 4096 3072 2774.010582 2774.010582 2048.000000 1536.000000
621 PINHOLE 4096 3072 2741.706834 2741.706834 2048.000000 1536.000000
622 PINHOLE 4096 3072 2736.903100 2736.903100 2048.000000 1536.000000
623 PINHOLE 4096 3072 2834.946942 2834.946942 2048.000000 1536.000000
624 PINHOLE 4096 3072 2773.415356 2773.415356 2048.000000 1536.000000
625 PINHOLE 4096 3072 2762.136319 2762.136319 2048.000000 1536.000000
626 PINHOLE 4096 3072 2766.691293 2766.691293 2048.000000 1536.000000
627 PINHOLE 4096 3072 2752.167979 2752.167979 2048.000000 1536.000000
628 PINHOLE 4096 3072 2763.190026 2763.190026 2048.000000 1536.000000
629 PINHOLE 4096 3072 2771.584332 2771.584332 2048.000000 1536.000000
630 PINHOLE 4096 3072 2784.138068 2784.138068 2048.000000 1536.000000
631 PINHOLE 4096 3072 2777.133081 2777.133081 2048.000000 1536.000000
632 PINHOLE 4096 3072 2722.307239 2722.307239 2048.000000 1536.000000
633 PINHOLE 4096 3072 2730.666667 2730.666667 2048.000000 1536.000000
634 PINHOLE 4096 3072 2778.746369 2778.746369 2048.000000 1536.000000
635 PINHOLE 4096 3072 2766.919737 2766.919737 2048.000000 1536.000000
636 PINHOLE 4096 3072 2748.631428 2748.631428 2048.000000 1536.000000
637 PINHOLE 4096 3072 2744.065424 2744.065424 2048.000000 1536.000000
638 PINHOLE 4096 3072 2784.138068 2784.138068 2048.000000 1536.000000
639 PINHOLE 4096 3072 2772.177132 2772.177132 2048.000000 1536.000000
640 PINHOLE 4096 3072 2774.998360 2774.998360 2048.000000 1536.000000
641 PINHOLE 4096 3072 2789.693382 2789.693382 2048.000000 1536.000000
642 PINHOLE 4096 3072 2851.328348 2851.328348 2048.000000 1536.000000
643 PINHOLE 4096 3072 2770.346103 2770.346103 2048.000000 1536.000000
644 PINHOLE 4096 3072 2824.597420 2824.597420 2048.000000 1536.000000
645 PINHOLE 4096 3072 2779.525514 2779.525514 2048.000000 1536.000000
646 PINHOLE 4096 3072 2776.765310 2776.765310 2048.000000 1536.000000
647 PINHOLE 4096 3072 2784.138068 2784.138068 2048.000000 1536.000000
648 PINHOLE 4096 3072 2806.493142 2806.493142 2048.000000 1536.000000
649 PINHOLE 4096 3072 2927.418216 2927.418216 2048.000000 1536.000000
650 PINHOLE 4096 3072 2832.075625 2832.075625 2048.000000 1536.000000
651 PINHOLE 4096 3072 2918.875152 2918.875152 2048.000000 1536.000000
652 PINHOLE 4096 3072 2794.339773 2794.339773 2048.000000 1536.000000
653 PINHOLE 4096 3072 3144.394217 3144.394217 2048.000000 1536.000000
654 PINHOLE 4096 3072 2786.916030 2786.916030 2048.000000 1536.000000
655 PINHOLE 4096 3072 2784.318900 2784.318900 2048.000000 1536.000000
656 PINHOLE 4096 3072 2820.135179 2820.135179 2048.000000 1536.000000
657 PINHOLE 4096 3072 2785.062417 2785.062417 2048.000000 1536.000000
658 PINHOLE 4096 3072 2840.707078 2840.707078 2048.000000 1536.000000
659 PINHOLE 4096 3072 2789.776378 2789.776378 2048.000000 1536.000000
660 PINHOLE 4096 3072 2788.765957 2788.765957 2048.000000 1536.000000
661 PINHOLE 4096 3072 2784.635718 2784.635718 2048.000000 1536.000000
662 PINHOLE 4096 3072 2780.446801 2780.446801 2048.000000 1536.000000
663 PINHOLE 4096 3072 2822.546433 2822.546433 2048.000000 1536.000000
664 PINHOLE 4096 3072 2800.870785 2800.870785 2048.000000 1536.000000
665 PINHOLE 4096 3072 2781.688866 2781.688866 2048.000000 1536.000000
666 PINHOLE 4096 3072 2780.613100 2780.613100 2048.000000 1536.000000
667 PINHOLE 4096 3072 2797.911623 2797.911623 2048.000000 1536.000000
668 PINHOLE 4096 3072 2768.742856 2768.742856 2048.000000 1536.000000
669 PINHOLE 4096 3072 2770.346103 2770.346103 2048.000000 1536.000000
670 PINHOLE 4096 3072 2771.348308 2771.348308 2048.000000 1536.000000
671 PINHOLE 4096 3072 2727.339360 2727.339360 2048.000000 1536.000000
672 PINHOLE 4096 3072 2745.966286 2745.966286 2048.000000 1536.000000
673 PINHOLE 4096 3072 2820.824498 2820.824498 2048.000000 1536.000000
674 PINHOLE 4096 3072 2878.726150 2878.726150 2048.000000 1536.000000
675 PINHOLE 4096 3072 2814.971665 2814.971665 2048.000000 1536.000000
676 PINHOLE 4096 3072 2826.350404 2826.350404 2048.000000 1536.000000
677 PINHOLE 4096 3072 2771.891752 2771.891752 2048.000000 1536.000000
678 PINHOLE 4096 3072 2786.912957 2786.912957 2048.000000 1536.000000
679 PINHOLE 4096 3072 2779.525514 2779.525514 2048.000000 1536.000000
680 PINHOLE 4096 3072 2759.877587 2759.877587 2048.000000 1536.000000
681 PINHOLE 4096 3072 2757.688142 2757.688142 2048.000000 1536.000000
682 PINHOLE 4096 3072 2841.669377 2841.669377 2048.000000 1536.000000
683 PINHOLE 4096 3072 2762.136319 2762.136319 2048.000000 1536.000000
684 PINHOLE 4096 3072 2744.065424 2744.065424 2048.000000 1536.000000
685 PINHOLE 4096 3072 2748.054927 2748.054927 2048.000000 1536.000000
686 PINHOLE 4096 3072 2780.446801 2780.446801 2048.000000 1536.000000
687 PINHOLE 4096 3072 2767.630628 2767.630628 2048.000000 1536.000000
688 PINHOLE 4096 3072 2759.410526 2759.410526 2048.000000 1536.000000
689 PINHOLE 4096 3072 2758.653968 2758.653968 2048.000000 1536.000000
690 PINHOLE 4096 3072 2799.153828 2799.153828 2048.000000 1536.000000
691 PINHOLE 4096 3072 2784.240370 2784.240370 2048.000000 1536.000000
692 PINHOLE 4096 3072 2772.177132 2772.177132 2048.000000 1536.000000
693 PINHOLE 4096 3072 2775.846459 2775.846459 2048.000000 1536.000000
694 PINHOLE 4096 3072 2801.992570 2801.992570 2048.000000 1536.000000
695 PINHOLE 4096 3072 2777.684768 2777.684768 2048.000000 1536.000000
696 PINHOLE 4096 3072 2773.399566 2773.399566 2048.000000 1536.000000
697 PINHOLE 4096 3072 2890.629910 2890.629910 2048.000000 1536.000000
698 PINHOLE 4096 3072 2786.313875 2786.313875 2048.000000 1536.000000
699 PINHOLE 4096 3072 2795.346158 2795.346158 2048.000000 1536.000000
700 PINHOLE 4096 3072 2819.832513 2819.832513 2048.000000 1536.000000
701 PINHOLE 4096 3072 3075.096335 3075.096335 2048.000000 1536.000000
702 PINHOLE 4096 3072 2776.093923 2776.093923 2048.000000 1536.000000
703 PINHOLE 4096 3072 2781.603168 2781.603168 2048.000000 1536.000000
704 PINHOLE 4096 3072 2786.255230 2786.255230 2048.000000 1536.000000
705 PINHOLE 4096 3072 2819.860096 2819.860096 2048.000000 1536.000000
706 PINHOLE 4096 3072 2783.214333 2783.214333 2048.000000 1536.000000
707 PINHOLE 4096 3072 2774.010582 2774.010582 2048.000000 1536.000000
708 PINHOLE 4096 3072 2822.546433 2822.546433 2048.000000 1536.000000
709 PINHOLE 4096 3072 2875.058415 2875.058415 2048.000000 1536.000000
710 PINHOLE 4096 3072 2855.210347 2855.210347 2048.000000 1536.000000
711 PINHOLE 4096 3072 2791.298036 2791.298036 2048.000000 1536.000000
712 PINHOLE 4096 3072 2794.474825 2794.474825 2048.000000 1536.000000
713 PINHOLE 4096 3072 2791.717511 2791.717511 2048.000000 1536.000000
714 PINHOLE 4096 3072 2790.621424 2790.621424 2048.000000 1536.000000
715 PINHOLE 4096 3072 2772.328865 2772.328865 2048.000000 1536.000000
716 PINHOLE 4096 3072 2794.096433 2794.096433 2048.000000 1536.000000
717 PINHOLE 4096 3072 2792.479361 2792.479361 2048.000000 1536.000000
718 PINHOLE 4096 3072 2773.093554 2773.093554 2048.000000 1536.000000
719 PINHOLE 4096 3072 2771.510611 2771.510611 2048.000000 1536.000000
720 PINHOLE 4096 3072 2794.339773 2794.339773 2048.000000 1536.000000
721 PINHOLE 4096 3072 2767.766436 2767.766436 2048.000000 1536.000000
722 PINHOLE 4096 3072 2754.197975 2754.197975 2048.000000 1536.000000
723 PINHOLE 4096 3072 2765.779097 2765.779097 2048.000000 1536.000000
724 PINHOLE 4096 3072 2729.073283 2729.073283 2048.000000 1536.000000
725 PINHOLE 4096 3072 2739.584585 2739.584585 2048.000000 1536.000000
726 PINHOLE 4096 3072 2787.839149 2787.839149 2048.000000 1536.000000
727 PINHOLE 4096 3072 2787.234961 2787.234961 2048.000000 1536.000000
728 PINHOLE 4096 3072 2745.861866 2745.861866 2048.000000 1536.000000
729 PINHOLE 4096 3072 2803.289227 2803.289227 2048.000000 1536.000000
730 PINHOLE 4096 3072 2802.108386 2802.108386 2048.000000 1536.000000
731 PINHOLE 4096 3072 2830.164642 2830.164642 2048.000000 1536.000000
732 PINHOLE 4096 3072 2710.695732 2710.695732 2048.000000 1536.000000
733 PINHOLE 4096 3072 2731.197814 2731.197814 2048.000000 1536.000000
734 PINHOLE 4096 3072 2800.091839 2800.091839 2048.000000 1536.000000
735 PINHOLE 4096 3072 2803.039900 2803.039900 2048.000000 1536.000000
736 PINHOLE 4096 3072 2802.742399 2802.742399 2048.000000 1536.000000
737 PINHOLE 4096 3072 2743.804308 2743.804308 2048.000000 1536.000000
738 PINHOLE 4096 3072 2772.264861 2772.264861 2048.000000 1536.000000
739 PINHOLE 4096 3072 2776.765310 2776.765310 2048.000000 1536.000000
740 PINHOLE 4096 3072 2785.062417 2785.062417 2048.000000 1536.000000
741 PINHOLE 4096 3072 2791.550083 2791.550083 2048.000000 1536.000000
742 PINHOLE 4096 3072 2787.060125 2787.060125 2048.000000 1536.000000
743 PINHOLE 4096 3072 2769.821976 2769.821976 2048.000000 1536.000000
744 PINHOLE 4096 3072 2777.719819 2777.719819 2048.000000 1536.000000
745 PINHOLE 4096 3072 2794.942166 2794.942166 2048.000000 1536.000000
746 PINHOLE 4096 3072 2772.177132 2772.177132 2048.000000 1536.000000
747 PINHOLE 4096 3072 2808.372280 2808.372280 2048.000000 1536.000000
748 PINHOLE 4096 3072 2782.520406 2782.520406 2048.000000 1536.000000
749 PINHOLE 4096 3072 2793.476647 2793.476647 2048.000000 1536.000000
750 PINHOLE 4096 3072 3404.467532 3404.467532 2048.000000 1536.000000
751 PINHOLE 4096 3072 2815.914065 2815.914065 2048.000000 1536.000000
752 PINHOLE 4096 3072 2778.758545 2778.758545 2048.000000 1536.000000
753 PINHOLE 4096 3072 2902.632526 2902.632526 2048.000000 1536.000000
754 PINHOLE 4096 3072 2805.554515 2805.554515 2048.000000 1536.000000
755 PINHOLE 4096 3072 2821.597040 2821.597040 2048.000000 1536.000000
756 PINHOLE 4096 3072 2791.550083 2791.550083 2048.000000 1536.000000
757 PINHOLE 4096 3072 2786.064513 2786.064513 2048.000000 1536.000000
758 PINHOLE 4096 3072 2774.314670 2774.314670 2048.000000 1536.000000
759 PINHOLE 4096 3072 2778.614021 2778.614021 2048.000000 1536.000000
760 PINHOLE 4096 3072 2784.361014 2784.361014 2048.000000 1536.000000
761 PINHOLE 4096 3072 2797.135045 2797.135045 2048.000000 1536.000000
762 PINHOLE 4096 3072 2774.928217 2774.928217 2048.000000 1536.000000
763 PINHOLE 4096 3072 2764.553999 2764.553999 2048.000000 1536.000000
764 PINHOLE 4096 3072 2795.430914 2795.430914 2048.000000 1536.000000
765 PINHOLE 4096 3072 2768.517492 2768.517492 2048.000000 1536.000000
766 PINHOLE 4096 3072 2771.375571 2771.375571 2048.000000 1536.000000
767 PINHOLE 4096 3072 2770.597017 2770.597017 2048.000000 1536.000000
768 PINHOLE 4096 3072 2768.221497 2768.221497 2048.000000 1536.000000
769 PINHOLE 4096 3072 2764.133014 2764.133014 2048.000000 1536.000000
770 PINHOLE 4096 3072 2776.765310 2776.765310 2048.000000 1536.000000
771 PINHOLE 4096 3072 2780.512522 2780.512522 2048.000000 1536.000000
772 PINHOLE 4096 3072 2716.755577 2716.755577 2048.000000 1536.000000
773 PINHOLE 4096 3072 2714.759871 2714.759871 2048.000000 1536.000000
774 PINHOLE 4096 3072 2763.046113 2763.046113 2048.000000 1536.000000
775 PINHOLE 4096 3072 2991.676471 2991.676471 2048.000000 1536.000000
776 PINHOLE 4096 3072 2767.837351 2767.837351 2048.000000 1536.000000
777 PINHOLE 4096 3072 2768.687423 2768.687423 2048.000000 1536.000000
778 PINHOLE 4096 3072 2790.910582 2790.910582 2048.000000 1536.000000
779 PINHOLE 4096 3072 2754.279337 2754.279337 2048.000000 1536.000000
780 PINHOLE 4096 3072 2769.431496 2769.431496 2048.000000 1536.000000
781 PINHOLE 4096 3072 2766.691293 2766.691293 2048.000000 1536.000000
782 PINHOLE 4096 3072 2766.999490 2766.999490 2048.000000 1536.000000
783 PINHOLE 4096 3072 2766.155305 2766.155305 2048.000000 1536.000000
784 PINHOLE 4096 3072 2782.294897 2782.294897 2048.000000 1536.000000
785 PINHOLE 4096 3072 2813.223602 2813.223602 2048.000000 1536.000000
786 PINHOLE 4096 3072 2777.919459 2777.919459 2048.000000 1536.000000
787 PINHOLE 4096 3072 2799.396599 2799.396599 2048.000000 1536.000000
788 PINHOLE 4096 3072 2787.926639 2787.926639 2048.000000 1536.000000
789 PINHOLE 4096 3072 2791.550083 2791.550083 2048.000000 1536.000000
790 PINHOLE 4096 3072 2853.314846 2853.314846 2048.000000 1536.000000
791 PINHOLE 4096 3072 2837.838927 2837.838927 2048.000000 1536.000000
792 PINHOLE 4096 3072 2801.159459 2801.159459 2048.000000 1536.000000
793 PINHOLE 4096 3072 2784.138068 2784.138068 2048.000000 1536.000000
794 PINHOLE 4096 3072 2832.075625 2832.075625 2048.000000 1536.000000
795 PINHOLE 4096 3072 2806.664980 2806.664980 2048.000000 1536.000000
796 PINHOLE 4096 3072 2914.735233 2914.735233 2048.000000 1536.000000
797 PINHOLE 4096 3072 2775.464063 2775.464063 2048.000000 1536.000000
798 PINHOLE 4096 3072 2774.929129 2774.929129 2048.000000 1536.000000
799 PINHOLE 4096 3072 2806.493142 2806.493142 2048.000000 1536.000000
800 PINHOLE 4096 3072 2775.155826 2775.155826 2048.000000 1536.000000
801 PINHOLE 4096 3072 2775.846459 2775.846459 2048.000000 1536.000000
802 PINHOLE 4096 3072 2774.631740 2774.631740 2048.000000 1536.000000
803 PINHOLE 4096 3072 2768.517492 2768.517492 2048.000000 1536.000000
804 PINHOLE 4096 3072 2787.839149 2787.839149 2048.000000 1536.000000
805 PINHOLE 4096 3072 2766.925078 2766.925078 2048.000000 1536.000000
806 PINHOLE 4096 3072 2765.019943 2765.019943 2048.000000 1536.000000
807 PINHOLE 4096 3072 2779.986844 2779.986844 2048.000000 1536.000000
808 PINHOLE 4096 3072 2769.431496 2769.431496 2048.000000 1536.000000
809 PINHOLE 4096 3072 2770.346103 2770.346103 2048.000000 1536.000000
810 PINHOLE 4096 3072 2781.546611 2781.546611 2048.000000 1536.000000
811 PINHOLE 4096 3072 2773.093554 2773.093554 2048.000000 1536.000000
812 PINHOLE 4096 3072 2764.258101 2764.258101 2048.000000 1536.000000
813 PINHOLE 4096 3072 2766.229870 2766.229870 2048.000000 1536.000000
814 PINHOLE 4096 3072 2788.618044 2788.618044 2048.000000 1536.000000
815 PINHOLE 4096 3072 2793.660454 2793.660454 2048.000000 1536.000000
816 PINHOLE 4096 3072 2798.068045 2798.068045 2048.000000 1536.000000
817 PINHOLE 4096 3072 2819.700168 2819.700168 2048.000000 1536.000000
818 PINHOLE 4096 3072 2794.339773 2794.339773 2048.000000 1536.000000
819 PINHOLE 4096 3072 2782.291211 2782.291211 2048.000000 1536.000000
820 PINHOLE 4096 3072 2797.135045 2797.135045 2048.000000 1536.000000
821 PINHOLE 4096 3072 2806.568108 2806.568108 2048.000000 1536.000000
822 PINHOLE 4096 3072 2789.922784 2789.922784 2048.000000 1536.000000
823 PINHOLE 4096 3072 2778.364667 2778.364667 2048.000000 1536.000000
824 PINHOLE 4096 3072 2774.469020 2774.469020 2048.000000 1536.000000
825 PINHOLE 4096 3072 2802.742399 2802.742399 2048.000000 1536.000000
826 PINHOLE 4096 3072 2811.895947 2811.895947 2048.000000 1536.000000
827 PINHOLE 4096 3072 2873.795135 2873.795135 2048.000000 1536.000000
828 PINHOLE 4096 3072 2791.317860 2791.317860 2048.000000 1536.000000
829 PINHOLE 4096 3072 2785.062417 2785.062417 2048.000000 1536.000000
830 PINHOLE 4096 3072 2843.748106 2843.748106 2048.000000 1536.000000
831 PINHOLE 4096 3072 2788.765957 2788.765957 2048.000000 1536.000000
832 PINHOLE 4096 3072 2811.850535 2811.850535 2048.000000 1536.000000
833 PINHOLE 4096 3072 2799.935915 2799.935915 2048.000000 1536.000000
834 PINHOLE 4096 3072 2790.621424 2790.621424 2048.000000 1536.000000
835 PINHOLE 4096 3072 2792.925905 2792.925905 2048.000000 1536.000000
836 PINHOLE 4096 3072 2788.004902 2788.004902 2048.000000 1536.000000
837 PINHOLE 4096 3072 2789.121423 2789.121423 2048.000000 1536.000000
838 PINHOLE 4096 3072 2790.621424 2790.621424 2048.000000 1536.000000
839 PINHOLE 4096 3072 2768.517492 2768.517492 2048.000000 1536.000000
840 PINHOLE 4096 3072 2764.867502 2764.867502 2048.000000 1536.000000
841 PINHOLE 4096 3072 2776.765310 2776.765310 2048.000000 1536.000000
842 PINHOLE 4096 3072 2764.025150 2764.025150 2048.000000 1536.000000
843 PINHOLE 4096 3072 2771.426655 2771.426655 2048.000000 1536.000000
844 PINHOLE 4096 3072 2776.774434 2776.774434 2048.000000 1536.000000
845 PINHOLE 4096 3072 2770.641090 2770.641090 2048.000000 1536.000000
846 PINHOLE 4096 3072 2761.450690 2761.450690 2048.000000 1536.000000
847 PINHOLE 4096 3072 2777.232429 2777.232429 2048.000000 1536.000000
848 PINHOLE 4096 3072 2771.261315 2771.261315 2048.000000 1536.000000
849 PINHOLE 4096 3072 2788.765957 2788.765957 2048.000000 1536.000000
850 PINHOLE 4096 3072 2804.675123 2804.675123 2048.000000 1536.000000
851 PINHOLE 4096 3072 2801.806279 2801.806279 2048.000000 1536.000000
852 PINHOLE 4096 3072 2802.398813 2802.398813 2048.000000 1536.000000
853 PINHOLE 4096 3072 2785.676742 2785.676742 2048.000000 1536.000000
854 PINHOLE 4096 3072 2785.288394 2785.288394 2048.000000 1536.000000
855 PINHOLE 4096 3072 2785.987380 2785.987380 2048.000000 1536.000000
856 PINHOLE 4096 3072 2775.846459 2775.846459 2048.000000 1536.000000
857 PINHOLE 4096 3072 2776.327584 2776.327584 2048.000000 1536.000000
858 PINHOLE 4096 3072 2780.446801 2780.446801 2048.000000 1536.000000
859 PINHOLE 4096 3072 2795.270910 2795.270910 2048.000000 1536.000000
860 PINHOLE 4096 3072 2775.906964 2775.906964 2048.000000 1536.000000
861 PINHOLE 4096 3072 2795.270910 2795.270910 2048.000000 1536.000000
862 PINHOLE 4096 3072 2782.443748 2782.443748 2048.000000 1536.000000
863 PINHOLE 4096 3072 2778.911661 2778.911661 2048.000000 1536.000000
864 PINHOLE 4096 3072 2791.550083 2791.550083 2048.000000 1536.000000
865 PINHOLE 4096 3072 2776.916233 2776.916233 2048.000000 1536.000000
866 PINHOLE 4096 3072 2814.024824 2814.024824 2048.000000 1536.000000
867 PINHOLE 4096 3072 2803.526086 2803.526086 2048.000000 1536.000000
868 PINHOLE 4096 3072 2792.677892 2792.677892 2048.000000 1536.000000
869 PINHOLE 4096 3072 2801.939747 2801.939747 2048.000000 1536.000000
870 PINHOLE 4096 3072 2824.447138 2824.447138 2048.000000 1536.000000
871 PINHOLE 4096 3072 2797.135045 2797.135045 2048.000000 1536.000000
872 PINHOLE 4096 3072 3042.657962 3042.657962 2048.000000 1536.000000
873 PINHOLE 4096 3072 2851.328348 2851.328348 2048.000000 1536.000000
874 PINHOLE 4096 3072 2940.665182 2940.665182 2048.000000 1536.000000
875 PINHOLE 4096 3072 2796.441879 2796.441879 2048.000000 1536.000000
876 PINHOLE 4096 3072 2822.546433 2822.546433 2048.000000 1536.000000
877 PINHOLE 4096 3072 2781.444915 2781.444915 2048.000000 1536.000000
878 PINHOLE 4096 3072 2775.396856 2775.396856 2048.000000 1536.000000
879 PINHOLE 4096 3072 2790.160577 2790.160577 2048.000000 1536.000000
880 PINHOLE 4096 3072 2849.391304 2849.391304 2048.000000 1536.000000
881 PINHOLE 4096 3072 2795.987827 2795.987827 2048.000000 1536.000000
882 PINHOLE 4096 3072 2765.247385 2765.247385 2048.000000 1536.000000
883 PINHOLE 4096 3072 2758.802534 2758.802534 2048.000000 1536.000000
884 PINHOLE 4096 3072 2771.261315 2771.261315 2048.000000 1536.000000
885 PINHOLE 4096 3072 2771.720809 2771.720809 2048.000000 1536.000000
886 PINHOLE 4096 3072 2748.560944 2748.560944 2048.000000 1536.000000
887 PINHOLE 4096 3072 2757.596318 2757.596318 2048.000000 1536.000000
888 PINHOLE 4096 3072 2760.318526 2760.318526 2048.000000 1536.000000
889 PINHOLE 4096 3072 2776.765310 2776.765310 2048.000000 1536.000000
890 PINHOLE 4096 3072 2762.562946 2762.562946 2048.000000 1536.000000
891 PINHOLE 4096 3072 2757.928674 2757.928674 2048.000000 1536.000000
892 PINHOLE 4096 3072 2806.493142 2806.493142 2048.000000 1536.000000
893 PINHOLE 4096 3072 2790.724989 2790.724989 2048.000000 1536.000000
894 PINHOLE 4096 3072 2764.280200 2764.280200 2048.000000 1536.000000
895 PINHOLE 4096 3072 2751.309467 2751.309467 2048.000000 1536.000000
896 PINHOLE 4096 3072 2792.674258 2792.674258 2048.000000 1536.000000
897 PINHOLE 4096 3072 2785.987380 2785.987380 2048.000000 1536.000000
898 PINHOLE 4096 3072 2754.633976 2754.633976 2048.000000 1536.000000
899 PINHOLE 4096 3072 2785.062417 2785.062417 2048.000000 1536.000000
900 PINHOLE 4096 3072 2767.604091 2767.604091 2048.000000 1536.000000
901 PINHOLE 4096 3072 2768.517492 2768.517492 2048.000000 1536.000000
902 PINHOLE 4096 3072 2776.059813 2776.059813 2048.000000 1536.000000
903 PINHOLE 4096 3072 2781.368700 2781.368700 2048.000000 1536.000000
904 PINHOLE 4096 3072 2793.409257 2793.409257 2048.000000 1536.000000
905 PINHOLE 4096 3072 2795.497061 2795.497061 2048.000000 1536.000000
906 PINHOLE 4096 3072 2766.691293 2766.691293 2048.000000 1536.000000
907 PINHOLE 4096 3072 2794.781215 2794.781215 2048.000000 1536.000000
908 PINHOLE 4096 3072 2791.782113 2791.782113 2048.000000 1536.000000
909 PINHOLE 4096 3072 3197.293498 3197.293498 2048.000000 1536.000000
910 PINHOLE 4096 3072 2767.630628 2767.630628 2048.000000 1536.000000
911 PINHOLE 4096 3072 2769.780033 2769.780033 2048.000000 1536.000000
912 PINHOLE 4096 3072 2768.517492 2768.517492 2048.000000 1536.000000
913 PINHOLE 4096 3072 2779.798896 2779.798896 2048.000000 1536.000000
914 PINHOLE 4096 3072 2754.879475 2754.879475 2048.000000 1536.000000
915 PINHOLE 4096 3072 2770.967668 2770.967668 2048.000000 1536.000000
916 PINHOLE 4096 3072 2760.721973 2760.721973 2048.000000 1536.000000
917 PINHOLE 4096 3072 2753.975049 2753.975049 2048.000000 1536.000000
918 PINHOLE 4096 3072 2763.100126 2763.100126 2048.000000 1536.000000
919 PINHOLE 4096 3072 2761.447808 2761.447808 2048.000000 1536.000000
920 PINHOLE 4096 3072 2706.899934 2706.899934 2048.000000 1536.000000
921 PINHOLE 4096 3072 2796.739841 2796.739841 2048.000000 1536.000000
922 PINHOLE 4096 3072 2817.060180 2817.060180 2048.000000 1536.000000
923 PINHOLE 4096 3072 2789.695234 2789.695234 2048.000000 1536.000000
924 PINHOLE 4096 3072 2805.633470 2805.633470 2048.000000 1536.000000
925 PINHOLE 4096 3072 2822.726612 2822.726612 2048.000000 1536.000000
926 PINHOLE 4096 3072 2818.027087 2818.027087 2048.000000 1536.000000
927 PINHOLE 4096 3072 2814.969128 2814.969128 2048.000000 1536.000000
928 PINHOLE 4096 3072 2826.350404 2826.350404 2048.000000 1536.000000
929 PINHOLE 4096 3072 2805.338171 2805.338171 2048.000000 1536.000000
930 PINHOLE 4096 3072 2759.799940 2759.799940 2048.000000 1536.000000
931 PINHOLE 4096 3072 2844.560190 2844.560190 2048.000000 1536.000000
932 PINHOLE 4096 3072 2842.798577 2842.798577 2048.000000 1536.000000
933 PINHOLE 4096 3072 2772.716994 2772.716994 2048.000000 1536.000000
934 PINHOLE 4096 3072 2746.073488 2746.073488 2048.000000 1536.000000
935 PINHOLE 4096 3072 2756.690108 2756.690108 2048.000000 1536.000000
936 PINHOLE 4096 3072 2747.189971 2747.189971 2048.000000 1536.000000
937 PINHOLE 4096 3072 2812.138116 2812.138116 2048.000000 1536.000000
938 PINHOLE 4096 3072 2852.297858 2852.297858 2048.000000 1536.000000
939 PINHOLE 4096 3072 2841.669377 2841.669377 2048.000000 1536.000000
940 PINHOLE 4096 3072 2788.884066 2788.884066 2048.000000 1536.000000
941 PINHOLE 4096 3072 2765.779097 2765.779097 2048.000000 1536.000000
942 PINHOLE 4096 3072 2835.012030 2835.012030 2048.000000 1536.000000
943 PINHOLE 4096 3072 2769.054926 2769.054926 2048.000000 1536.000000
944 PINHOLE 4096 3072 2777.684768 2777.684768 2048.000000 1536.000000
945 PINHOLE 4096 3072 2754.555629 2754.555629 2048.000000 1536.000000
946 PINHOLE 4096 3072 2765.779097 2765.779097 2048.000000 1536.000000
947 PINHOLE 4096 3072 2755.784494 2755.784494 2048.000000 1536.000000
948 PINHOLE 4096 3072 2746.760969 2746.760969 2048.000000 1536.000000
949 PINHOLE 4096 3072 2761.227123 2761.227123 2048.000000 1536.000000
950 PINHOLE 4096 3072 2788.169619 2788.169619 2048.000000 1536.000000
951 PINHOLE 4096 3072 2755.784494 2755.784494 2048.000000 1536.000000
